25339993,910000,4.6683,909000,3.0031,908000,21.958,906000,32.7224,905000,13.0992,903000,11.4709,902000,13.0989,901000,7.9075,900000,8.0525,899000,8.4673
25339994,910000,3.94,909000,3.7314,908000,21.958,906000,32.7224,905000,33.5292,903000,11.0299,902000,5.4734,901000,7.9075,900000,8.0525,899000,12.8485
25339995,909000,3.7314,908000,21.958,906000,32.7224,905000,1.2521,904000,12.6615,903000,10.4041,902000,0.4734,901000,12.8756,900000,6.8104,899000,12.9586
25339996,908000,19.0392,906000,26,905000,32.6321,904000,13.9962,903000,0.0037,902000,0.4734,901000,12.1229,900000,6.8106,899000,10.8694,898000,10.4636
25339997,908000,18.7675,906000,61.8124,905000,1.2521,904000,1.5028,903000,2.9389,902000,6.0259,901000,6.5704,900000,10.8071,899000,5.7673,898000,15.4192
25339998,908000,18.0392,906000,33.8224,905000,1.2521,904000,9.8038,903000,4.4224,902000,25.6349,901000,5.1144,900000,15.0523,899000,5.7673,898000,20.5178
25339999,908000,19.0392,906000,26,905000,34.8124,904000,1.5028,903000,2.0199,901000,2.5521,900000,14.2825,899000,6.7703,898000,14.4123,897000,6.1009
25340000,910000,3.94,909000,8.0031,908000,18.7675,906000,48,905000,6.7337,900000,14.3803,899000,10.7673,898000,21.526,897000,10.0009,896000,10.3356
25340001,910000,3.94,909000,8.7314,908000,18.0392,906000,58.7124,904000,4.5766,900000,15.8674,899000,24.8671,898000,11.4792,897000,10.2472,896000,10.06
25340002,910000,3.94,909000,3.0031,908000,18.7675,906000,63.39,903000,10.4911,900000,13.9863,899000,5.7673,898000,38.7952,897000,7.5472,896000,10.2844
25340003,910000,3.94,909000,3.0031,908000,18.7675,906000,39.8224,903000,8.945,900000,16.3863,899000,5.7673,898000,11.4783,897000,7.5472,896000,10.2844
25340004,910000,3.94,909000,3.7314,906000,14,905000,30.39,903000,0.5,900000,8.9863,899000,38.7573,898000,11.4779,897000,30.1622,896000,10.2843
25340005,910000,5.94,909000,3.7314,906000,36.98,905000,7.4,903000,25.0944,900000,18.9863,899000,5.7673,898000,25.8948,897000,20.1035,896000,10.2843
25340006,910000,3,909000,3.7314,906000,14,905000,5,903000,28.229,901000,0.3,900000,21.3863,899000,5.7873,898000,14.1787,897000,16.3108
25340007,909000,3.7314,908000,2.94,906000,14,905000,5,903000,28.619,900000,13.4674,899000,10.7873,898000,11.4787,897000,28.6621,896000,10.2783
25340008,908000,3.6683,906000,15,905000,5,903000,13.6866,902000,6.3982,900000,8.4674,899000,10.7873,898000,12.8756,897000,11.1379,896000,10.06
25340009,908000,3.6683,906000,14,905000,6,903000,18.109,902000,0.7364,900000,6.1635,899000,10.7673,898000,10.4756,897000,11.1157,896000,11.0867
25340010,906000,14,905000,6,903000,13.6866,902000,38.8036,901000,0.011,900000,6.1635,899000,10.7673,898000,10.4756,897000,9.4412,896000,15.5289
25340011,906000,14,905000,6,903000,42.6666,902000,1.9446,901000,12.9251,900000,2.9398,899000,10.7673,898000,10.4756,897000,8.2089,896000,13.9822
25340012,906000,13.7283,905000,6,903000,37.0866,902000,1.9446,901000,0.6712,899000,2.3658,898000,39.4556,897000,8.2087,896000,21.8535,895000,9.9518
25340013,906000,16.6683,905000,6,903000,13.6866,900000,48.6944,899000,0.5393,898000,6.8024,897000,17.631,896000,15.06,895000,13.874,894000,7.6285
25340014,906000,15.94,905000,5.7283,903000,1.7346,900000,50.639,899000,13.7694,898000,2.479,897000,12.2157,896000,15.06,895000,13.874,894000,1.4
25340015,906000,10.94,905000,5.7283,903000,6.7346,900000,79.0104,899000,19.0584,898000,0.5344,897000,39.2157,896000,15.06,895000,11.1518,894000,1.4
25340016,906000,10.94,905000,10.7283,903000,1.7346,900000,76.6104,899000,20.6548,898000,0.3583,897000,12.2157,896000,15.06,895000,13.8518,894000,1.4
25340017,904000,2.94,903000,6.1569,900000,0.722,899000,33.5716,898000,0.6648,897000,7.0148,896000,70.584,895000,9.9518,894000,5.3223,893000,25.4911
25340018,904000,4.6683,903000,0.7346,900000,0.722,899000,34.8381,898000,1.5868,897000,1.2135,896000,75.584,895000,9.9518,894000,5.3,893000,24.5079
25340019,904000,3.94,903000,0.7346,900000,0.722,899000,34.8381,898000,1.5868,896000,74.5846,895000,14.9518,894000,1.4,893000,25.7079,892000,6.6376
25340020,904000,1,903000,5.7346,902000,2.94,899000,30.4158,898000,1.5421,896000,48.9809,895000,14.9518,894000,1.4,893000,24.4856,892000,4.5599
25340021,901000,2.94,899000,0.0998,898000,2.7593,897000,10.243,896000,5.0308,894000,1.4,893000,26.1477,892000,0.4365,891000,6.1415,890000,42.5495
25340022,900000,30.0733,899000,0.0998,898000,5.1593,896000,5,893000,8.5748,890000,50.2144,889000,0.3202,888000,4.8995,887000,6.6582,886000,1.827
25340023,898000,7.5212,897000,0.2172,896000,5,893000,6.1053,892000,34.445,890000,43.5218,889000,9.3852,888000,0.9995,887000,4.5807,886000,7.827
25340024,898000,13.4012,897000,0.2172,896000,11.5131,893000,6.1053,892000,32.4,890000,43.3834,889000,9.3852,888000,0.9995,887000,4.5806,886000,1.827
25340025,898000,9.4821,897000,0.2172,896000,11.3603,893000,4.176,892000,16.0756,890000,46.0826,889000,5.12,888000,1.0219,887000,4.5582,886000,1.827
25340026,896000,11.7235,893000,4.176,892000,8.266,891000,11.8156,890000,9.5551,889000,25.7262,888000,0.9995,887000,3.5582,886000,22.9886,885000,24.7808
25340027,893000,6.3942,892000,1.031,891000,7.997,890000,1.2521,889000,11.7557,888000,3.6669,887000,5.6582,886000,1.827,885000,28.7033,884000,2.9723
25340028,897000,3.1572,896000,9.3582,893000,5.7311,892000,0.031,890000,8.9521,887000,15.5169,886000,1.827,885000,25.4953,884000,3.5,883000,6.6127
25340029,896000,7.5133,893000,4.176,892000,0.031,891000,10.383,890000,1.2521,887000,16.0911,886000,1.827,885000,26.6953,884000,6,883000,6.4741
25340030,897000,13.1572,896000,17.9582,893000,4.7311,892000,10.031,891000,23.6318,887000,33.9304,886000,22.4,885000,24.8033,884000,3.4385,883000,6.4741
25340031,896000,16.9582,893000,5.176,892000,20.0903,891000,40.9362,890000,11.0962,886000,32.4844,885000,27.6226,884000,6.4225,883000,6.6104,882000,4.731
25340032,896000,15.9791,893000,15.176,892000,10.031,891000,35.32,890000,2.6942,887000,4.8893,886000,55.2995,885000,5.1284,884000,6.4,883000,6.6329
25340033,893000,15.176,892000,11.5861,891000,31.7749,890000,1,889000,3.605,886000,17.5365,885000,5.1284,884000,14.8634,883000,6.6081,882000,4.731
25340034,893000,5.176,892000,6.1362,891000,7.9362,890000,5.5329,889000,5.3038,887000,51.4002,886000,5.677,885000,5.1284,884000,14.3055,883000,6.4966
25340035,895000,7.94,893000,5.176,892000,8.0514,891000,1,890000,38.6453,886000,17.9826,885000,20.1106,884000,3.8339,883000,0.4967,882000,10.731
25340036,893000,6.2441,892000,13.0454,891000,1,890000,2.0204,888000,9.1338,886000,0.777,885000,25.1106,884000,3.3225,883000,5.5627,882000,10.731
25340037,892000,2.431,891000,1,890000,31.0004,888000,8.283,887000,2.2178,886000,0.677,885000,10.1284,884000,3.3,883000,3.2741,882000,6.976
25340038,892000,1.0991,891000,1,890000,9.8095,888000,9.1226,887000,8.408,884000,2.2676,883000,0.4741,882000,31.6336,881000,6.9348,880000,21.9613
25340039,892000,1.0302,891000,2.1588,890000,24.0004,887000,11.7749,886000,9.848,884000,0.7334,883000,5.4741,882000,24.14,881000,23.1058,880000,21.9613
25340040,892000,1.0302,891000,2.1588,890000,1.0204,889000,10.0665,886000,9.7792,884000,17.9381,883000,0.4741,882000,4.86,881000,8.1574,880000,21.9613
25340041,892000,1.0302,891000,2.1588,890000,0.0204,889000,10.7239,886000,32.576,884000,11.4587,883000,0.3041,882000,23.84,881000,8.1574,880000,21.5167
25340042,892000,1.0302,891000,2.1588,890000,5.5758,886000,35.1973,885000,6.7995,883000,0.3041,882000,6.16,881000,33.9348,880000,29.3383,879000,0.26
25340043,892000,1.0302,891000,1,890000,10.0779,886000,5.2183,885000,14.6759,883000,0.5238,882000,6.3062,881000,34.9248,880000,19.7613,879000,0.2827
25340044,892000,1.0302,891000,2.1588,890000,0.0204,889000,2.7157,885000,2.127,882000,4.6936,881000,55.423,880000,18.5613,879000,1.4827,878000,1.4918
25340045,891000,1,890000,0.0204,889000,32.0733,885000,19.0077,884000,3.2108,881000,83.0363,880000,15.9613,879000,1.46,878000,1.5145,877000,0.751
25340046,891000,43.6181,890000,0.0204,889000,32.2321,885000,20.019,884000,12.7091,881000,76.9669,880000,26.6167,879000,4.1827,878000,1.4918,877000,0.751
25340047,890000,0.0204,889000,34.9478,885000,2.127,884000,0.0207,882000,32.2888,881000,8.4058,880000,26.6167,879000,0.26,878000,5.4145,877000,0.751
25340048,890000,0.0204,889000,31.0733,884000,0.0207,883000,8.226,882000,122.12,880000,3.4979,879000,0.26,878000,5.7145,877000,0.751,876000,17.7945
25340049,889000,37.0988,884000,0.0207,882000,118.2187,881000,49.5319,880000,9.3242,879000,0.26,878000,6.2139,877000,0.751,876000,21.3923,875000,96.5752
25340050,889000,6,884000,3.2095,882000,118.2187,881000,52.3706,880000,26.8271,879000,0.2835,878000,6.7918,877000,0.751,876000,12.4593,875000,99.5966
25340051,882000,90.3521,881000,49.5988,880000,4.4762,879000,80.285,878000,21.195,877000,0.039,876000,11.2366,875000,99.038,874000,14.6746,873000,2.4073
25340052,879000,73.4714,878000,29.4526,877000,0.021,876000,5.743,875000,5.5644,874000,14.6979,873000,2.2688,872000,7.8699,871000,5.3919,870000,22.366
25340053,879000,74.4427,878000,1.4626,877000,1.021,875000,66.0021,873000,0.07,872000,0.5988,871000,5.25,870000,23.3904,869000,5.4605,868000,0.25
25340054,878000,1.4626,877000,1.021,875000,10.0601,873000,8.162,871000,14.5095,870000,8.1624,869000,12.1851,868000,4.15,867000,72.2018,866000,6.15
25340055,878000,1.0412,877000,0.021,875000,8.0514,873000,23.4,871000,2.2376,870000,3.9782,869000,16.5058,868000,0.6654,867000,75.8737,866000,6.2562
25340056,882000,93.2921,881000,53.5988,879000,50.9981,877000,0.021,875000,18.4507,870000,12.9755,869000,16.9731,868000,0.75,867000,73.1967,866000,6.15
25340057,879000,49.9569,877000,37.0334,875000,8.793,874000,10,873000,13.7684,871000,2.2223,870000,5.3069,869000,16.9731,868000,19.2173,867000,73.6176
25340058,882000,93.2921,881000,53.5988,879000,49.9569,877000,8.0534,875000,17.1379,873000,2.098,871000,5.8832,870000,0.4749,869000,23.748,868000,11.004
25340059,879000,50.9981,877000,0.021,875000,17.7689,874000,10,873000,6.408,872000,48.8204,871000,0.0612,870000,8.931,869000,14.4731,868000,1.673
25340060,882000,90.3521,881000,48.5988,879000,50.9981,877000,0.021,875000,24.7837,874000,18.0128,873000,15.6862,872000,22.2192,871000,0.0612,870000,0.4849
25340061,884000,7.3173,882000,90.3521,881000,50.64,879000,55.3789,877000,17.8273,874000,35.0837,873000,12.7093,871000,0.4755,870000,1.8749,869000,11.651
25340062,884000,2.3173,882000,90.3521,881000,55.64,879000,80.9569,877000,24.5328,874000,24.5923,873000,11.8148,871000,3.9229,870000,11.2608,869000,11.5558
25340063,884000,7.3173,882000,90.3521,881000,51.3806,879000,79.9569,877000,13.5551,874000,19.5648,873000,11.8376,871000,3.9,870000,11.2545,869000,1.5558
25340064,886000,7.94,884000,30.7039,881000,1.7406,879000,31,877000,10.5812,874000,43.6561,873000,11.8148,872000,2.7,871000,1.803,870000,6.7709
25340065,886000,7.94,884000,30.7039,881000,1,879000,1.7406,877000,12.6912,876000,2.7607,874000,38.3262,873000,0.1717,872000,2.3228,871000,1.7801
25340066,884000,31.7039,883000,2.4,881000,1,879000,0.7406,877000,12.2611,876000,30.0456,874000,31.1377,872000,6.9242,871000,1.3,870000,0.6749
25340067,890000,50.0204,886000,9.0485,884000,37.4848,881000,9.097,879000,0.7406,877000,25.811,876000,5,874000,30.7123,873000,1.2228,872000,6.8
25340068,892000,0.031,890000,55.0204,886000,4.0485,884000,32.0627,882000,43.4238,879000,2,878000,20.1179,877000,0.5938,876000,14.7299,875000,0.0228
25340069,886000,5.157,884000,14.6627,882000,31.08,881000,7.7721,880000,10.4221,879000,3.1596,878000,11.2103,877000,0.6438,876000,0.05,875000,0.0228
25340070,886000,9.0485,884000,44.6627,883000,7.7721,882000,2.1,881000,10.0324,879000,30.6337,878000,10,877000,0.5938,876000,0.05,875000,8.8035
25340071,886000,9.0485,884000,14.6627,883000,9.2546,882000,2.1,881000,1.8603,879000,19.9828,878000,10,877000,0.5938,876000,0.05,875000,5.512
25340072,886000,9.0485,885000,1,884000,14.6627,883000,1,882000,18.0483,880000,0.0218,879000,15.7494,878000,10,877000,0.5938,876000,4.0632
25340073,886000,4.0485,885000,1,884000,19.6627,882000,3.1,881000,16.4954,879000,7.3975,878000,25.7198,877000,0.5938,876000,9.507,874000,13.7456
25340074,885000,2.1085,884000,14.6627,882000,2.1,881000,27.4022,879000,4.0692,878000,27.454,877000,0.5938,876000,3.95,875000,0.0228,874000,13.7456
25340075,886000,4.0485,885000,1,884000,42.0748,882000,2.1,881000,13.5345,879000,40.9811,878000,25.7198,877000,0.5938,876000,11.0872,875000,4.1276
25340076,885000,1,884000,15.6627,883000,25,882000,2.1,881000,2.4891,879000,22.9361,878000,10,877000,0.5938,876000,0.05,875000,10.1661
25340077,884000,14.6627,883000,28.4,882000,2.1,881000,1.497,879000,0.437,878000,1,877000,0.5938,876000,0.05,875000,6.0276,874000,20.4435
25340078,883000,5.5981,882000,2.1,881000,31.8334,880000,7.996,879000,4.4257,878000,12.2252,877000,0.5938,876000,0.05,875000,32.4848,874000,20.4663
25340079,884000,14.6627,883000,31.5981,882000,2.1,881000,1.3821,878000,28.389,877000,3.3926,876000,0.05,875000,9.8692,874000,20.4663,873000,5.1
25340080,884000,14.6627,883000,0.5501,882000,2.1,881000,0.1159,880000,17.0693,877000,25.7684,876000,0.05,875000,50.6723,874000,14.9456,873000,5.3374
25340081,884000,15.2128,883000,3.4,882000,25.08,881000,8.1029,880000,4.9554,878000,15.8325,877000,13.0771,876000,2.75,875000,5.4276,874000,13.7456
25340082,886000,4.9152,885000,3,884000,44.6408,883000,8.693,882000,4.2422,879000,20.406,878000,1.0014,877000,0.3601,876000,0.0727,875000,5.6519
25340083,886000,4.9152,885000,3,884000,14.6627,883000,29.281,882000,3.0244,878000,23.4244,877000,15.1116,876000,2.1029,875000,5.6519,874000,13.7456
25340084,886000,3.8119,885000,4,884000,26.6871,883000,0.301,882000,12.5865,879000,20.6478,878000,8.4031,877000,32.3645,876000,0.05,875000,5.6695
25340085,886000,3.8119,885000,4.0226,884000,14.6627,883000,23.45,882000,5.3963,880000,0.2436,877000,36.2836,876000,0.05,875000,5.6695,874000,13.7456
25340086,885000,3,884000,14.6627,883000,0.05,882000,14.4943,881000,7.0905,879000,10.577,877000,6.0555,876000,2.75,875000,6.6667,874000,13.7456
25340087,886000,3.8119,885000,4,884000,14.6627,883000,1.05,882000,37.8789,880000,0.6421,879000,27.7695,878000,1.0023,877000,9.7133,876000,0.0728
25340088,886000,4.4899,885000,3,884000,14.6627,883000,29.04,882000,15.4219,881000,0.5921,879000,28.3334,877000,4.0646,876000,0.0728,875000,5.664
25340089,886000,4.8119,885000,3,884000,14.6627,883000,1.05,882000,45.8826,879000,13.2916,878000,4.4221,877000,6.4873,876000,8.8564,875000,5.4048
25340090,886000,3.8119,885000,11.3563,884000,15.6627,883000,1.05,882000,19.4094,879000,14.6663,878000,31.38,877000,18.1397,876000,0.05,875000,6.4115
25340091,886000,3.8119,885000,3,884000,14.6627,883000,3.45,882000,13.7656,880000,8.4235,879000,14.6663,877000,21.5189,876000,0.0728,875000,5.6599
25340092,885000,4.6524,884000,14.6627,883000,1.05,882000,15.5468,880000,26.2196,879000,6.6774,878000,6,877000,11.7893,876000,0.0728,875000,5.6599
25340093,885000,2,884000,15.6627,883000,1.05,882000,16.4552,880000,17.0727,879000,52.1997,878000,6,877000,5.0857,876000,2.0533,875000,7.08
25340094,885000,2.8719,884000,14.6627,883000,1.05,882000,14.797,880000,11.2071,879000,1,878000,9.425,877000,26.3857,876000,1.0728,875000,8.1591
25340095,885000,2.8719,884000,14.6627,883000,2.05,882000,19.0208,880000,28.4476,878000,1.4404,877000,10.1126,876000,25.05,875000,18.9534,874000,1.9
25340096,883000,1.9219,882000,11.9819,880000,48.4321,879000,5.0765,877000,5.231,876000,1,875000,5.2048,874000,6.9,873000,8.2532,872000,1.2
25340097,882000,5.9481,880000,47.3271,879000,0.1,877000,9.641,876000,25.7792,871000,33.8818,870000,12.1643,869000,13.4658,868000,3.14,867000,74.9793
25340098,880000,21.3471,879000,1.106,877000,5.7982,875000,4.1362,874000,42.1089,871000,1.4041,870000,47.7214,869000,10.5887,868000,7.04,867000,75.9835
25340099,882000,0.05,880000,21.3471,879000,1.106,877000,24.2533,874000,18.2026,871000,2.9635,870000,39.1314,869000,11.5906,868000,4.34,867000,77.0589
25340100,879000,6.106,877000,20.3484,876000,8.7789,874000,20.0361,873000,4.0411,871000,18.7298,870000,13.1414,869000,11.5683,868000,4.363,867000,75.1929
25340101,880000,22.9994,879000,6.106,877000,15.3541,874000,19.4038,873000,3.286,871000,34.2455,870000,13.1414,869000,14.2683,868000,4.363,867000,72.1885
25340102,879000,1.6611,877000,13.7982,876000,19.98,874000,12.8545,873000,3,872000,1.1067,871000,7.0483,870000,18.1643,869000,19.3871,868000,4.34
25340103,878000,1.5611,877000,14.7982,876000,6.3302,874000,10.3792,873000,3,872000,1.1798,871000,6.8263,870000,18.8878,869000,18.9871,868000,4.34
25340104,880000,23.7531,879000,1.6551,877000,18.2202,874000,10.3792,873000,0.7844,872000,8.4981,871000,3.2592,870000,25.014,869000,15.6846,868000,4.5546
25340105,880000,23.7531,879000,1.1,877000,24.2329,876000,8.076,874000,9.3002,872000,6.541,870000,26.214,869000,15.6846,868000,4.3546,867000,74.9789
25340106,880000,23.7531,879000,3.983,877000,12.2329,876000,12.498,874000,1.6893,873000,5.0305,872000,1.5065,871000,25.08,870000,14.3414,869000,20.5934
25340107,879000,0.1,877000,6.1292,876000,16.2351,874000,1.0979,873000,1.1487,872000,17.255,870000,17.7441,869000,15.6975,868000,8.7939,867000,80.9789
25340108,882000,6.056,880000,21.3471,879000,10.8048,877000,1.7973,876000,11.1618,872000,20.4181,871000,1.1,870000,17.1414,869000,15.9052,868000,4.14
25340109,880000,21.3531,879000,1.1,877000,5.1292,876000,2.1108,875000,4.4885,872000,7.5878,871000,20.6899,870000,13.2643,869000,19.7823,868000,4.14
25340110,879000,0.1,878000,1,877000,11.7839,876000,2.1108,875000,46.4678,873000,5.7274,872000,22.033,871000,7.1016,870000,13.3643,869000,19.7818
25340111,882000,5.05,880000,21.3531,879000,7.3113,877000,4.5655,875000,44.0118,873000,3.024,872000,12.5864,871000,2.1016,870000,16.0414,869000,24.1089
25340112,880000,20.3471,879000,1.106,877000,8.6227,875000,48.4338,874000,0.0583,872000,5.6104,871000,11.1,870000,13.3414,869000,19.5976,868000,4.14
25340113,880000,20.3471,879000,1.106,877000,1.7973,875000,43.0918,874000,6.0585,872000,0.2,871000,6.1,870000,13.3414,869000,19.5975,868000,10.8046
25340114,880000,20.3471,879000,6.6541,877000,1.7973,875000,43.0918,874000,0.7162,873000,8.377,872000,8.2379,871000,3.2585,870000,16.0414,869000,22.4456
25340115,880000,20.3471,879000,1.106,877000,10.2859,875000,47.5138,874000,0.0626,872000,3.4453,871000,3.2585,870000,17.2414,869000,21.2457,868000,4.14
25340116,880000,27.3451,879000,1.106,877000,10.2859,875000,46.4521,874000,9.7317,872000,1.6557,871000,17.8993,870000,13.3414,869000,20.7821,868000,4.363
25340117,879000,6.106,877000,6.2454,875000,42.0301,874000,4.4846,872000,1.0414,871000,5.5889,870000,26.3634,869000,21.8917,868000,7.04,867000,73.3072
25340118,879000,6.106,877000,6.2454,875000,51.4884,874000,4.4846,872000,1.0519,870000,15.4681,869000,22.8134,868000,4.34,867000,82.2085,866000,0.15
25340119,879000,11.2413,877000,1.7973,876000,1,875000,1.0301,874000,16.679,871000,1.5281,870000,38.3617,869000,21.0158,868000,4.34,867000,81.203
25340120,880000,22.3451,879000,10.2353,877000,1.7973,875000,1.0301,874000,49.186,871000,8.895,870000,31.0914,869000,20.0134,868000,7.063,867000,73.2841
25340121,879000,0.1,877000,6.7973,875000,1.0301,874000,1.0626,873000,8.0442,869000,39.6646,868000,3.14,867000,75.9967,866000,0.15,865000,4.2373
25340122,875000,1.0301,874000,22.0626,873000,4.0221,872000,5.7797,871000,27.5887,869000,11.4777,868000,3.14,867000,73.0769,866000,1.5865,865000,10.0236
25340123,875000,1.0301,874000,1.0626,873000,4.0221,872000,5.7797,871000,13.3522,869000,6.8386,868000,8.8537,867000,78.0769,866000,4.073,865000,4.0236
25340124,875000,1.0301,874000,1.0626,873000,4.0221,872000,5.7797,871000,13.7102,869000,8.3386,868000,8.8537,867000,78.076,866000,4.073,865000,4.258
25340125,874000,0.0626,873000,5.0281,872000,20.7797,870000,9.068,868000,58.7449,867000,72.0737,866000,0.15,865000,9.1236,864000,0.1731,863000,2.0014
25340126,874000,0.0626,873000,4.0221,872000,16,870000,8.145,868000,12.4633,867000,83.5706,866000,0.15,865000,6.7236,864000,1.35,863000,1.0191
25340127,872000,16,871000,40,869000,7.893,868000,6.9533,867000,22.2594,865000,6.7885,864000,0.15,863000,4.9191,862000,0.2,861000,7.46
25340128,871000,40,870000,21.99,868000,7.768,867000,8.8642,866000,7.3031,865000,2.5258,864000,5.15,863000,23.9907,862000,4.1,861000,7.4832
25340129,874000,0.0626,872000,21,871000,41.006,867000,19.9454,866000,12.3641,863000,17.9135,862000,0.2,861000,11.36,860000,19.2433,859000,1.4
25340130,874000,0.0626,872000,21,871000,42.0681,866000,0.2,865000,28.2633,863000,0.2199,862000,3.8043,861000,7.46,860000,19.2411,859000,2.6
25340131,871000,50.0625,866000,0.2,865000,7.6309,864000,3.7277,863000,1.8467,861000,8.1319,860000,18.2141,859000,1.4232,858000,3.1274,857000,6.7071
25340132,871000,45,870000,13.2502,866000,0.2,865000,7.6309,864000,67.307,861000,7.1331,860000,25.1687,859000,1.4,858000,5.8506,857000,6.707
25340133,866000,10.321,865000,7.6309,864000,8.8106,863000,36.4627,862000,9.992,861000,5.9331,860000,22.2617,859000,0.9,858000,5.8274,857000,5.707
25340134,871000,45,870000,0.9347,866000,2.8889,863000,7.877,861000,25.4896,860000,15.0071,859000,0.9,858000,5.8274,857000,5.7064,856000,4.0109
25340135,872000,21,866000,2.8889,865000,2.9347,863000,7.877,861000,37.2608,859000,14.282,858000,5.8274,857000,5.7057,856000,3.8006,855000,55.0384
25340136,872000,21,866000,0.2,865000,5.8814,861000,20.3187,860000,11.3357,859000,4.1085,858000,7.9274,857000,9.6057,856000,3.8006,855000,55.0384
25340137,872000,21,866000,1.1347,865000,10.5904,861000,10.442,860000,18.9724,858000,1.1743,857000,9.1431,856000,6.5773,855000,56.7855,854000,0.7374
25340138,866000,5.9347,865000,9.9626,863000,1,861000,10.442,860000,18.6192,858000,1.1743,857000,5.6017,856000,29.7573,855000,67.684,854000,1.765
