25326180,973000,5.0182,971000,2.7529,969000,3.531,966000,30.868,965000,4.1698,963000,7.8568,962000,1.538,961000,1.46,960000,22.5227,959000,9.8902
25326181,966000,23,965000,2.962,964000,49.7465,963000,2.3559,962000,5.9543,961000,2.9152,960000,16.0687,959000,3.4102,958000,6.8607,957000,0.36
25326182,964000,1.078,963000,4.8077,962000,8.2255,961000,4.9388,960000,28.3775,959000,2.4111,958000,5.1613,957000,1.36,956000,1.0561,955000,13.7351
25326183,963000,3.4,962000,5.9543,961000,14.1408,960000,28.1197,959000,7.4758,958000,1.3913,957000,3.3,956000,1.0561,955000,8.468,954000,1.0309
25326184,962000,5.9543,961000,39.1408,960000,26.3283,959000,0.6987,958000,7.2732,957000,0.036,956000,1.0561,955000,13.468,954000,1.96,953000,3.835
25326185,962000,6.8118,961000,7.9388,960000,25.7593,959000,6.6579,956000,0.9322,955000,10.0178,954000,5.96,953000,3.835,952000,1.31,951000,9.2771
25326186,961000,7.9388,960000,25.6168,959000,4.9982,956000,0.9322,955000,23.9519,954000,0.0525,953000,7.5917,952000,1.31,951000,4.9508,950000,127.2726
25326187,962000,5.9543,961000,10.9388,960000,26.6168,956000,0.9322,955000,16.8954,954000,2.531,953000,5.3422,952000,5.7549,951000,3.9508,950000,124.4726
25326188,969000,4.5319,963000,4.6293,962000,5.9543,961000,8.7963,960000,15.7005,957000,2.5059,956000,8.208,955000,4.375,954000,1.2555,953000,0.5
25326189,963000,5.6293,962000,5.9543,961000,7.9388,960000,17.8112,959000,5.043,957000,6.9773,956000,0.01,955000,1.0098,954000,0.4655,953000,1.7309
25326190,962000,7.6632,961000,7.9388,960000,12.5703,959000,6.4702,958000,1.8283,957000,0.51,956000,5.01,955000,1.0098,954000,2.1744,953000,2.8309
25326191,964000,1.0868,963000,5.6293,962000,7.6632,961000,7.9388,960000,23.6819,957000,3.4208,956000,4.385,955000,6.0118,954000,2.7439,953000,0.91
25326192,964000,0.2293,963000,5.4868,962000,5.9543,961000,7.9388,960000,25.3529,957000,43.6371,956000,0.01,955000,16.8489,954000,0.4863,953000,1.21
25326193,969000,6.3894,964000,0.2293,963000,4.2293,962000,5.9543,961000,1.9671,960000,14.7592,959000,8.245,958000,6.2483,957000,2.4621,956000,1.4958
25326194,971000,2.0021,969000,6.3894,966000,23,963000,4.2293,962000,4.2026,960000,7.0213,957000,9.9806,956000,1.4958,955000,0.0308,954000,0.4655
25326195,969000,4.5319,966000,23.8575,963000,5.2293,962000,5.2517,960000,0.4261,957000,0.8103,956000,0.01,955000,1.1364,954000,3.3655,953000,0.5101
25326196,963000,15.847,962000,1.1543,960000,0.4261,959000,27.365,956000,0.0209,954000,5,953000,50.1,952000,3.2612,951000,3.9508,950000,122.2856
25326197,962000,2.1859,960000,18.751,959000,36.4324,958000,1,957000,6.7931,953000,6.3551,952000,3.2612,951000,25.7508,950000,128.4966,949000,2.231
25326198,960000,19.7826,959000,31.1634,958000,1,957000,18,956000,14.5117,953000,11.5234,952000,16.0652,951000,7.8008,950000,125.3966,949000,3.481
25326199,960000,22.7826,959000,5.1634,958000,29.98,956000,13.8679,955000,1.1438,953000,9.8053,952000,3.2612,951000,35.8008,950000,125.5176,949000,1.86
25326200,962000,3.9543,960000,19.6555,958000,1,956000,8.7186,954000,49.4475,952000,3.2612,951000,7.8008,950000,135.5298,949000,0.66,948000,4.86
25326201,960000,20.6555,958000,3,956000,14.0679,954000,10.0211,952000,23.0634,950000,141.6136,949000,0.66,948000,2.06,947000,3.3894,946000,5.231
25326202,962000,0.9543,960000,23.6555,956000,8.9186,954000,37.575,952000,19.3483,951000,2.9295,950000,137.5352,949000,0.66,948000,2.06,947000,1.8104
25326203,963000,4.049,962000,3.9543,960000,19.6555,956000,9.9186,954000,1.0873,952000,7.3189,951000,33.9095,950000,135.7828,949000,1.081,948000,2.06
25326204,962000,0.9543,961000,23,960000,8.3033,959000,0.4888,958000,0.0274,956000,10.5273,955000,31.307,953000,13,952000,2.1,951000,5.4019
25326205,963000,4.049,962000,0.9543,960000,1.0316,959000,3.3855,958000,54.4024,953000,11.2255,952000,23.1,951000,11.1798,950000,127.0828,949000,3.46
25326206,969000,37.7319,963000,7.049,962000,2.8525,959000,3.1466,958000,0.0274,956000,0.0208,953000,48.7329,952000,0.11,951000,15.6603,950000,128.0828
25326207,964000,1.049,963000,6,962000,29.9343,960000,7.859,959000,6.0789,956000,0.1,955000,8.753,953000,18.2358,952000,0.11,951000,15.1812
25326209,962000,1.8525,959000,3.8967,958000,31.393,957000,2.6646,954000,5.9975,953000,17.2358,952000,7.096,951000,18.9853,950000,129.4828,949000,1.9782
25326210,964000,4.9632,963000,3.8982,962000,1.9543,959000,31.851,958000,25.8689,954000,8.2494,953000,18.1367,952000,6.4705,951000,13.9603,950000,131.3615
25326211,963000,3,962000,4.8525,959000,2.4088,958000,2.9966,957000,22.2841,953000,4.7087,952000,36.162,951000,14.9638,950000,131.2828,949000,6.0665
25326212,962000,5.8525,960000,18.3249,959000,1,958000,15.2944,957000,23.4984,953000,3.107,952000,6.1122,951000,16.287,950000,128.7836,949000,6.96
25326213,960000,21.9852,959000,1,958000,3.4054,955000,23,954000,26.7824,951000,11.947,950000,132.1695,949000,4.76,948000,5.86,947000,0.8621
25326214,964000,0.9142,963000,3,962000,3.9543,960000,41.3468,958000,18.2693,952000,1.6637,951000,53.4636,950000,123.0558,949000,5.76,948000,3.06
25326215,963000,5.8111,962000,1.9862,960000,18.3249,958000,14.8549,957000,0.2632,953000,15.8598,952000,9.8791,951000,25.395,950000,122.8348,949000,8.56
25326216,964000,3.7253,963000,3.8985,962000,0.9543,960000,81.8572,957000,0.2316,955000,12.2127,953000,13.2785,952000,12.9802,951000,20.6667,950000,116.8348
25326217,963000,3,962000,1.8528,960000,49.1659,959000,1,957000,13.2572,955000,8.2749,953000,10.2,952000,10.7292,951000,26.4653,950000,118.2642
25326218,964000,3.7253,963000,3,962000,1.8528,960000,44.3049,959000,4.8534,957000,0.3736,956000,2.3197,955000,7,953000,11.1828,952000,5.5501
25326219,964000,0.9142,963000,3.8985,962000,0.9543,960000,27.0669,959000,3.1237,957000,2.15,956000,2.3197,955000,1.5,953000,13.9828,952000,6.1051
25326220,966000,2.8111,964000,1.8127,963000,3,962000,1.9543,960000,23.3505,957000,2.8756,955000,6.5,954000,0.0209,953000,14.9162,952000,5.4178
25326221,964000,1.8127,963000,3,962000,8.7173,961000,11,960000,21.3553,957000,2.7142,956000,7.9655,955000,27.6672,954000,2.6,953000,6.2749
25326222,964000,1.8127,963000,3,962000,8.7173,961000,11,960000,20.3249,957000,2.529,956000,6.14,955000,26.53,954000,3.5048,953000,6.1754
25326223,964000,0.9142,963000,3,962000,9.2723,961000,2.16,960000,7,958000,2.452,957000,3.9675,956000,11.02,955000,7.7369,954000,2.6257
25326224,969000,5.6304,966000,2.8111,964000,24.9142,963000,3,962000,1.4689,960000,4.215,959000,16.1374,958000,5.0642,957000,7.6467,956000,4.8608
25326225,970000,1,969000,2.6304,966000,2.8111,964000,23.9142,963000,14.7643,961000,2.4113,960000,1.7823,959000,7.3735,958000,6.0786,957000,6.9902
25326226,970000,1,969000,2.6304,966000,3.8111,964000,23.9142,963000,47.055,961000,0.4854,960000,5.1,959000,6.4751,958000,6.1786,957000,7.6826
25326227,969000,2.4304,966000,3.8111,964000,23.9142,963000,15.1064,962000,4.0331,961000,1.1292,960000,0.1,959000,7.2758,958000,34.1442,957000,7.5825
25326228,966000,2.8111,964000,0.9142,963000,13.2574,962000,2.189,960000,5,959000,9.8664,958000,6.3171,957000,32.77,956000,3.74,955000,3.5123
25326229,969000,5.4304,966000,4.0934,963000,13.2574,962000,10,960000,5.4955,959000,17.1891,958000,6.3173,957000,2.77,956000,3.74,955000,3.1531
25326230,970000,1.4996,969000,7.3289,966000,3.0934,963000,5.1064,962000,10,960000,0.5577,959000,34.6261,958000,6.3155,957000,2.77,956000,3.74
25326231,973000,1.0182,971000,5.2021,970000,1.4996,969000,3.1515,963000,5.0964,961000,6.9579,960000,7.86,959000,2.251,958000,2.5155,957000,2.7908
25326232,973000,1.0182,971000,5.2021,970000,1.4996,969000,2.4335,963000,3.8307,962000,0.6562,961000,14.6156,959000,3.1526,958000,3.1142,957000,0.7908
25326233,973000,4.0182,971000,25.0906,970000,2.4996,969000,1.5319,968000,3.023,964000,9.0718,962000,18.2935,961000,0.0207,959000,4.1535,958000,0.3142
25326234,973000,1.9167,971000,3.2021,970000,1.4996,969000,1.5319,968000,2.0377,966000,6.6947,964000,16.8027,963000,0.9997,962000,17.3148,961000,1.2
25326235,974000,35.9934,973000,1.0182,971000,2.2021,970000,1.4996,969000,3.9479,967000,1.9579,966000,12.1233,965000,13.9351,964000,29.1037,962000,12.2941
25326236,975000,2.0187,974000,36.9934,973000,1.0182,972000,23,971000,2.9524,967000,12.6257,966000,12.2728,965000,5,964000,28.57,963000,5.2
25326237,977000,44.5556,975000,2.0187,974000,36.9934,973000,1.0182,971000,25.0021,967000,0.7305,966000,10.9568,965000,1.2866,964000,3.97,963000,6.8
25326238,974000,35.9934,973000,1.0182,971000,24.9821,970000,15.1301,969000,4.837,967000,0.083,962000,24.5826,961000,3.8269,960000,0.3,959000,6.251
25326239,973000,1.0182,971000,2.0021,970000,10.1905,969000,22.98,967000,5.6733,965000,0.5,963000,23,961000,3.8269,960000,1.3,959000,6.251
25326240,975000,2.0187,974000,36.8919,973000,2.0182,971000,14.9009,969000,0.0194,966000,0.605,964000,13.242,963000,31.779,962000,0.0207,961000,4.173
25326241,974000,36.8919,973000,2.0182,971000,2.0021,968000,8.1083,967000,9.8936,963000,34.9084,962000,5,961000,5.3937,960000,5.2447,959000,2.251
25326242,973000,3.0501,971000,3.0021,970000,8.199,968000,3.1887,967000,8.1763,964000,10.4054,963000,2.6838,961000,33.6062,960000,3.6447,959000,2.251
25326243,974000,35.9934,973000,1.0182,972000,1,971000,40.7013,968000,0.7983,966000,11.1822,965000,23,964000,5.6,963000,8.9358,960000,1.4
25326244,974000,35.9934,973000,1.0182,972000,1,971000,32.7741,970000,9.0093,966000,11.2532,965000,8.255,964000,4,963000,11.7151,962000,0.0207
25326245,973000,2.0501,971000,25.0021,970000,7.8697,969000,3.5495,968000,1.4187,964000,11.5407,963000,22.1076,962000,6.8,960000,1.4,959000,2.251
25326246,973000,2.0501,971000,25.0021,970000,7.8697,969000,36.7285,968000,1.5187,964000,5,963000,44.4982,961000,2.8,960000,5.4207,959000,2.251
25326247,973000,1.0182,971000,2.0021,970000,0.0197,968000,31.7744,967000,6.996,963000,15.0308,962000,35.9857,960000,4.2207,959000,2.251,958000,4.4142
25326248,971000,3.0021,970000,0.0197,968000,7.3596,966000,5.0223,965000,1.4187,963000,10.56,962000,30.996,960000,11.5448,959000,2.2718,958000,0.4142
25326250,974000,35.9934,973000,2.0501,971000,3.0021,970000,0.0197,968000,7.3114,963000,12.4141,962000,30.996,961000,0.0207,960000,16.8448,959000,2.251
25326251,974000,35.9934,973000,3.0501,971000,2.0021,970000,0.0197,968000,3.4444,964000,31.7837,963000,7.8,961000,0.0207,960000,14.0448,959000,2.251
25326252,974000,35.9934,973000,2.0501,971000,2.0021,970000,9.4209,968000,4.5922,963000,16.8328,960000,16.8448,959000,2.2718,958000,0.4142,957000,0.27
25326253,971000,3.034,970000,9.4209,969000,1,968000,23.9825,967000,8.5003,963000,1.7451,962000,5,961000,45.3212,960000,25.3207,959000,2.251
25326254,969000,1.0319,968000,24.9825,967000,0.0194,966000,30.834,963000,10.9038,962000,8.7388,960000,1.1,959000,2.251,958000,0.4142,957000,3.07
25326255,970000,1.0189,968000,31.2659,967000,0.0194,966000,8.834,965000,13.3149,960000,31.937,959000,2.251,958000,0.4142,957000,3.07,956000,5.1842
25326256,970000,2.0508,968000,6.3515,967000,0.0194,965000,35.1133,964000,4.3651,960000,35.0387,959000,2.2718,958000,2.0142,957000,5.47,956000,5.1634
25326257,971000,2.0021,970000,3.0508,968000,14.7618,967000,0.0194,965000,2.0844,963000,12.6316,962000,31.16,960000,4.8852,959000,2.251,958000,1.3091
25326258,971000,2.0021,970000,2.0189,968000,18.7607,967000,0.0194,965000,0.2027,963000,12.6816,962000,31.16,960000,4.8645,959000,6.2718,958000,1.3091
25326259,973000,2.0501,971000,3.0021,970000,5.4286,968000,10.7166,967000,0.0283,963000,10.8787,962000,32.76,961000,0.0207,960000,2.0645,959000,2.251
25326260,974000,35.9934,973000,2.0501,971000,3.0021,970000,5.4286,968000,10.6566,964000,24.9613,963000,32.4376,962000,0.0207,960000,2.0645,959000,6.251
25326261,974000,35.9934,973000,3.0501,971000,6.0473,970000,8.9809,968000,5.8092,966000,10.8456,964000,30.5829,963000,7.8,962000,0.0207,960000,2.0645
25326262,974000,37.0253,973000,2.0182,971000,6.0473,970000,1.0189,968000,6.4769,966000,8.8423,965000,8.407,964000,30.5829,963000,6.2207,960000,2.0645
25326263,974000,37.0253,973000,6.0634,971000,2.0021,970000,1.0189,968000,7.1225,967000,6.7987,966000,0.6745,965000,15.4069,964000,24,963000,1.2207
25326264,974000,37.0253,973000,2.0182,971000,2.0021,970000,1.0189,968000,1.4669,966000,9.4818,965000,8.407,964000,23.7,963000,6.2207,960000,2.0645
25326265,974000,37.0253,973000,2.0182,971000,7.2507,970000,1.0189,968000,0.4724,966000,6.6291,965000,8.407,964000,23.7,963000,6.2207,960000,2.0645
25326266,975000,2.0187,974000,35.9934,973000,5.2245,971000,6.3672,970000,2.3597,966000,8.443,965000,16.4113,964000,0.7,963000,1.2207,960000,2.0645
25326267,974000,35.9934,973000,1.0182,971000,2.0021,970000,31.4267,969000,7.7213,966000,0.5274,965000,0.1,963000,66.2255,961000,0.0207,960000,4.8645
25326268,971000,3.0021,970000,0.0197,969000,0.0191,968000,7.762,967000,21.2385,965000,0.0313,963000,5,962000,23,960000,15.396,959000,2.251
25326269,973000,4.0182,971000,3.034,970000,8.4746,969000,4.1133,966000,0.019,963000,5.258,962000,23,961000,1.4207,960000,16.7151,959000,2.251
25326270,971000,3.034,970000,0.0197,969000,1.0191,967000,10.6912,966000,0.009,964000,0.8972,963000,5.122,962000,23,961000,1,960000,3.2852
25326271,971000,3.0021,970000,32.2606,969000,3.1133,968000,4.2531,966000,0.009,965000,5.242,964000,5,963000,13.002,962000,23,961000,5.0894
25326272,973000,5.0501,971000,3.0021,970000,32.2606,969000,3.1123,968000,6.586,965000,7.7619,964000,5,963000,36.9587,962000,23.0207,961000,1
25326273,973000,5.0501,971000,3.0021,970000,31.4746,969000,7.8301,968000,7.8318,965000,5.9939,964000,5,963000,25.9149,962000,23.0207,961000,1
25326274,975000,2.0187,974000,35.9934,973000,4.0182,971000,3.0021,970000,31.2218,967000,6.0818,965000,5.12,964000,12.1,963000,20.0463,962000,23.0207
25326275,975000,2.0187,974000,35.9934,973000,9.8328,971000,2.0021,970000,0.0197,967000,15.1771,965000,9.7813,964000,1.0381,963000,1.2207,961000,1
25326276,975000,3.0506,974000,35.9934,973000,3.0182,971000,32.7031,970000,3.1411,967000,10.1769,965000,36.8968,964000,1.0381,963000,2.2207,960000,6.0645
25326277,977000,47.689,975000,2.0187,974000,41.6475,973000,1.0182,971000,34.2655,969000,12.8247,968000,5,967000,13.7588,966000,1.2537,965000,29.2058
25326278,975000,2.0187,974000,36.9934,973000,1.0182,971000,36.0856,970000,9.3942,967000,11.8368,965000,7.4595,963000,1.2207,960000,6.0645,959000,2.251
25326279,975000,2.0187,974000,36.9934,973000,1.0182,971000,25.0021,970000,9.2908,967000,4.2,966000,1.2637,965000,42.8358,963000,2.5207,960000,2.0645
25326280,975000,2.0187,974000,37.0253,973000,10.5725,971000,25.0021,970000,9.4406,966000,9.1105,965000,15.5118,964000,15.7551,963000,28.48,960000,2.0645
25326281,975000,2.0187,974000,40.0253,973000,2.0182,971000,25.0021,970000,28.2872,965000,11.6881,964000,29.5177,963000,20.9145,960000,2.0645,959000,2.251
25326282,974000,40.0253,973000,2.0182,971000,25.0021,970000,14.2153,969000,0.0737,965000,16.7881,964000,13.163,963000,19.7346,960000,2.0645,959000,2.251
25326283,975000,2.0187,974000,38.9934,973000,1.0182,971000,33.9281,970000,9.14,966000,6.6481,965000,19.2818,964000,21.9224,963000,2.8,960000,3.1062
25326284,975000,2.0187,974000,35.9934,973000,1.0182,971000,46.1468,970000,33.7245,966000,0.0815,965000,12.6944,964000,5,961000,15.6486,960000,2.1062
25326285,974000,35.9934,973000,1.0182,971000,38.2208,970000,11.98,968000,4.6135,966000,0.0815,965000,12.6944,964000,5,962000,0.0207,961000,2.8
25326286,973000,2.0501,971000,26.0021,970000,25.3573,969000,4.3751,968000,1.6026,965000,15.0578,964000,5,963000,23,962000,20.7951,961000,1.2
25326287,974000,35.9934,973000,1.0182,971000,26.0021,970000,15.7051,968000,1.0091,967000,0.0027,965000,20.0748,964000,5,963000,23.0207,962000,20.7744
25326288,974000,35.9934,973000,2.0501,971000,26.0021,970000,14.49,968000,0.0034,966000,11.7316,965000,51.061,964000,0.0207,963000,1.6,962000,19.1744
25326290,975000,2.0187,974000,37.0253,973000,1.0182,971000,29.5399,970000,11.3876,966000,7.3251,965000,48.1898,964000,0.0207,963000,1.6,961000,1.2
25326290,975000,2.0187,974000,37.0253,973000,10.7667,971000,25.0021,970000,11.9377,967000,2.528,966000,5,965000,48.1898,964000,0.7,963000,5.6207
25326292,975000,2.0187,974000,37.0253,973000,10.7667,971000,25.0021,970000,14.1264,967000,0.1,966000,17.4967,965000,40.3058,964000,0.9,963000,4.1207
25326293,975000,2.0187,974000,37.0253,973000,10.7667,971000,23.9921,970000,9.9809,967000,8.3995,966000,9.4169,965000,39.3264,964000,2.1,963000,0.1
25326294,975000,3.0506,974000,35.9934,973000,2.0182,971000,2.0021,970000,9.9809,967000,7.1402,966000,0.1,965000,39.3058,964000,8.0264,963000,0.1
25326295,975000,3.0506,974000,35.9934,973000,9.5893,971000,6.3772,970000,5.3739,967000,23.0398,966000,0.1,965000,35.3058,964000,1.6,963000,4.1207
25326296,975000,2.0187,974000,35.9934,973000,14.3045,971000,25.0021,970000,4.1252,967000,20.3714,966000,11.1845,965000,12.3058,964000,1.6,963000,4.1207
25326297,974000,35.9934,973000,2.0501,971000,2.0021,970000,33.227,969000,6.5419,965000,1.2343,964000,8.8359,963000,0.1207,962000,1,960000,5.0645
25326298,973000,2.0501,971000,2.0021,970000,2.15,969000,32.091,968000,17.0816,965000,1.698,964000,2.3115,963000,42.11,961000,2.8,960000,5.0852
25326299,974000,35.9934,973000,2.0501,971000,2.0021,970000,34.9153,969000,9.7081,965000,5.0289,964000,25.5176,963000,23.1207,962000,1.6,961000,1.2
25326300,974000,35.9934,973000,2.0501,971000,2.0021,970000,34.035,969000,8.706,966000,5,965000,32.1029,964000,5.1,963000,18.2086,962000,1.6
25326301,974000,37.0253,973000,1.0182,971000,12.5096,970000,34.035,969000,2.1636,966000,4.538,965000,31.2431,964000,0.1,963000,11.9337,962000,1.6
25326302,973000,1.0182,971000,3.034,970000,2.15,969000,32.0873,965000,0.1027,963000,2.0225,962000,32.3553,960000,7.8645,959000,2.251,958000,2.2142
25326303,971000,2.0021,970000,2.15,969000,29.2735,968000,10.4808,964000,0.0207,962000,36.7982,960000,4.807,959000,5.7088,958000,6.2142,957000,13.9878
25326304,971000,3.034,970000,2.15,969000,1,967000,5.2735,966000,8.7648,960000,19.2428,959000,7.151,958000,2.2142,957000,17.9878,956000,10.9767
25326305,971000,2.0021,970000,4.1819,969000,1,966000,5.2073,965000,8.0369,960000,19.3574,959000,30.1718,958000,3.8142,957000,19.1878,956000,8.1767
25326306,970000,3.1819,969000,1,967000,28.2735,966000,0.8322,965000,0.9226,961000,6.9067,960000,21.6045,959000,30.151,958000,5.0142,957000,14.0086
25326307,971000,5.0021,970000,3.1819,967000,23,966000,7.5698,965000,3.4858,961000,7.0492,960000,13.7805,959000,30.151,958000,5.035,957000,13.9878
25326308,974000,35.9934,973000,1.0182,971000,3.034,970000,12.2643,965000,5.9313,962000,1.9416,961000,12.744,960000,5.9645,959000,30.151,958000,5.0142
25326309,971000,2.0021,970000,3.1819,969000,25.3704,968000,5.3751,965000,1.0607,964000,3.5592,962000,30.891,961000,28.0007,960000,5.9645,959000,8.351
25326310,971000,2.0021,970000,3.1819,969000,25.3704,968000,10.3751,965000,0.0607,964000,10.5518,962000,31.364,961000,7.8207,960000,9.5194,959000,7.151
25326311,973000,5.0501,971000,2.0021,970000,3.15,969000,6.7455,968000,4.1073,964000,30.6484,962000,0.5,961000,2.2621,960000,9.9645,959000,2.151
25326312,975000,2.0187,974000,37.0253,973000,14.406,971000,10.1621,970000,6.7201,965000,5,964000,38.4558,963000,1.0207,961000,1.0414,960000,9.9645
25326313,975000,2.0187,974000,37.0253,973000,1.0182,971000,10.1621,970000,41.8101,965000,31.2697,964000,6.4115,962000,6.7207,961000,1.0414,960000,5.9645
25326314,974000,35.9934,973000,1.0182,971000,11.1621,970000,8.4782,966000,0.0465,965000,2.031,964000,20.3264,963000,5,962000,6.7,961000,1.0621
25326315,975000,2.0187,974000,35.9934,973000,26.0501,971000,10.1621,970000,12.32,965000,12.3698,964000,29.1988,963000,2.7,962000,30.6042,961000,1.0414
25326316,975000,2.0187,974000,48.3812,973000,2.0501,971000,2.0021,970000,9.4782,966000,0.0437,965000,26.704,964000,8.3551,962000,4.0207,961000,1.0414
25326317,974000,37.0253,973000,13.406,972000,1,971000,26.0021,970000,7.5017,966000,7.1904,965000,0.2462,964000,24.8209,963000,7.6,962000,4.0207
25326318,973000,13.406,972000,1,971000,2.0021,970000,3.1266,969000,0.1399,966000,10.0891,965000,0.1588,964000,22.7055,963000,7.4,962000,4.0207
25326319,975000,3.0506,974000,35.9934,973000,42.396,971000,2.0021,970000,3.1499,966000,9.3577,965000,20.2306,964000,3.7833,963000,5,962000,4.0207
25326320,973000,2.0501,971000,2.0021,970000,38.187,969000,17.7629,968000,6.122,964000,9.3259,963000,23,961000,22.872,960000,5.9853,959000,2.151
25326321,974000,35.9934,973000,2.0501,971000,2.0021,970000,14.5378,969000,4.122,964000,8.6343,963000,31.33,961000,22.872,960000,5.9853,959000,6.151
25326322,972000,1.0319,971000,2.0021,970000,2.9,968000,15.3185,967000,7.1816,964000,1.5831,961000,14.0732,960000,28.9853,959000,9.001,958000,2.2142
25326323,973000,1.0182,972000,4.0319,971000,2.0021,970000,2.15,968000,17.7983,964000,1.5831,962000,28,961000,14.0732,960000,7.5853,959000,7.401
25326324,972000,3,971000,2.0021,970000,3.15,968000,6.6159,967000,7.165,964000,1.0529,962000,54.1415,961000,1.0414,960000,7.5853,959000,7.401
25326325,972000,1,971000,2.0021,970000,9.8526,968000,9.0957,967000,3,964000,9.4092,963000,30.812,962000,0.0207,961000,1.0414,960000,7.5645
25326326,973000,2.0501,972000,1,971000,2.0021,970000,9.8526,968000,9.0957,964000,40.8468,962000,2.8,961000,1.0621,960000,5.9645,959000,6.201
25326327,973000,3.0501,971000,2.0021,970000,18.0986,969000,4.3751,968000,5.7899,965000,7.9866,964000,28.9532,962000,20.556,961000,0.0207,960000,5.9645
25326328,973000,1.0182,971000,3.034,970000,10.8342,969000,8.3751,966000,6.2844,965000,0.1528,964000,5.9501,961000,2.85,960000,6.5775,959000,6.201
25326329,974000,38.9934,973000,2.0182,971000,3.034,970000,10.242,969000,4.3938,965000,0.1528,964000,5.9501,962000,0.0207,961000,18.0218,960000,6.9645
25326330,973000,2.0182,971000,3.034,970000,45.6298,969000,5.3751,968000,4.7054,965000,0.2049,964000,5.7605,961000,19.6218,960000,6.9853,959000,2.201
25326331,974000,38.9934,973000,2.0182,971000,3.034,970000,33.242,969000,19.0473,964000,0.9108,963000,13.369,962000,0.0207,961000,19.331,960000,6.9645
25326333,973000,2.0182,971000,3.034,970000,33.242,969000,4,968000,9.243,964000,0.9108,963000,5,961000,27.4461,960000,6.9853,959000,2.201
25326333,971000,3.034,970000,33.242,969000,1,968000,13.4634,967000,5.6595,964000,0.3593,963000,5,961000,19.7399,960000,8.5853,959000,2.201
25326335,971000,6.034,970000,25.15,969000,9.123,968000,3,967000,1.2844,964000,0.2842,962000,5,961000,49.6023,960000,8.5645,959000,2.2218
25326336,971000,6.034,970000,25.15,969000,14.4634,968000,3,966000,2.7756,964000,2.3842,961000,9.7307,960000,6.9645,959000,5.0218,958000,2.2142
25326337,973000,1.0182,971000,6.034,970000,2.15,969000,37.4634,967000,8.4607,964000,0.2842,962000,5,961000,43.385,960000,6.8853,959000,5.001
25326338,973000,1.0182,971000,6.034,970000,2.15,969000,22.5804,967000,5.6595,964000,0.7842,962000,6.6,961000,46.684,960000,6.8853,959000,5.001
25326339,971000,3.034,970000,2.15,969000,3,967000,6,966000,9.6554,964000,0.7842,962000,6.6,961000,12.6951,960000,12.0728,959000,5.0218
25326340,971000,3.034,970000,2.7332,967000,3,966000,8.227,965000,7.0929,964000,0.8042,962000,1.6,961000,7.0305,960000,12.6656,959000,5.0218
25326341,971000,2.0021,970000,2,969000,23.5832,967000,3.16,965000,6.0279,962000,2.3089,961000,7.0305,960000,23.5327,959000,3.401,958000,2.235
25326342,971000,3.034,970000,2.5832,969000,1,967000,5.5047,966000,3,963000,1.0489,962000,37.43,961000,21.9852,960000,12.0936,959000,2.201
25326343,973000,3.0501,971000,2.0021,970000,2.6434,969000,23,967000,5.5047,963000,7.1822,962000,2.3408,961000,7.0305,960000,33.0662,959000,3.8218
25326344,973000,1.0182,971000,3.034,970000,2,969000,36.82,967000,5.5047,963000,7.2379,962000,2.3727,961000,25.6874,960000,13.2935,959000,3.001
25326345,973000,2.0501,971000,2.0021,970000,2,969000,26.9881,967000,3.16,963000,24.288,962000,2.3727,961000,5.5305,960000,14.8935,959000,2.201
25326346,973000,2.0501,971000,2.0021,970000,2,969000,16.1647,967000,2.8637,964000,15.0773,963000,19.6702,962000,3.3727,961000,8.3512,960000,12.0728
25326347,973000,3.0501,971000,14.2387,970000,10.293,969000,2.3447,967000,2.8153,964000,19.3854,963000,15.3004,962000,3.3727,961000,6.7512,960000,12.0728
25326348,971000,2.0021,970000,11.3207,969000,35.1778,968000,2.3447,967000,1.1914,964000,14.8026,963000,3.0638,962000,3.3727,961000,5.5512,960000,12.0728
25326349,974000,35.9934,973000,1.0182,971000,2.0021,970000,14.8316,967000,0.0008,964000,2.2497,963000,8.0638,962000,3.3727,961000,5.5512,960000,12.0728
25326350,974000,37.0253,973000,2.0182,971000,2.0021,970000,2,969000,46.0658,964000,3.2702,963000,27.5155,962000,3.3727,961000,5.5305,960000,13.6728
25326351,973000,2.0501,971000,2.0021,970000,2,969000,31.758,967000,3.428,964000,1.897,963000,3.0638,962000,37.4873,961000,5.5305,960000,12.0936
25326352,973000,2.0501,971000,3.0021,970000,2,969000,31.264,968000,7.0318,964000,1.3786,963000,3.0638,962000,27.5857,961000,5.5305,960000,12.0728
25326353,973000,5.0501,971000,2.0021,970000,25,969000,35.81,968000,16.6448,964000,1.7987,963000,1.4977,962000,27.5857,961000,5.5305,960000,12.0728
25326354,971000,2.0021,970000,2,969000,20.4299,967000,23,966000,3.6395,964000,0.05,963000,1.5477,962000,8.4227,961000,17.1874,960000,12.0936
25326355,970000,2,969000,12.6569,968000,1,967000,23,966000,7.0295,963000,1.4977,962000,7.0638,961000,17.1374,960000,13.6728,959000,6.061
25326356,970000,2,969000,12.6569,968000,9.193,967000,23,966000,4.0295,963000,1.2981,962000,7.0638,961000,14.2263,960000,13.6728,959000,6.061
25326357,970000,2,969000,1,968000,1,967000,32.1761,966000,8.908,963000,1.0638,962000,6.0638,961000,14.2263,960000,12.0728,959000,6.061
25326358,970000,4.0638,969000,1,967000,32.013,966000,12.82,965000,1.4531,962000,3.9785,961000,25.9535,960000,12.0728,959000,7.3402,958000,2.235
25326359,971000,2.0021,970000,3.0319,969000,5.6656,967000,32.415,965000,1.8018,964000,0.6927,962000,4.0987,961000,5.4805,960000,32.8317,959000,5.961
25326360,971000,2.0021,970000,7.6002,967000,31.063,966000,2.7395,965000,0.2926,964000,3.9121,962000,2.3,961000,5.4805,960000,20.5438,959000,4.8402
25326361,971000,2.0021,970000,2,967000,1,966000,8.432,965000,5.113,964000,2.7236,962000,2.3,961000,5.4805,960000,20.523,959000,4.861
25326362,970000,2,967000,1,966000,8.432,965000,10.0804,964000,4.1672,962000,2.3,961000,7.3408,960000,17.0728,959000,4.8402,958000,2.2142
25326363,973000,4.0182,971000,4.9421,970000,2,966000,8.432,965000,14.4446,961000,4.5069,960000,17.0728,959000,4.8402,958000,2.2142,957000,6.9712
25326364,970000,3.0319,969000,2.94,968000,7.29,966000,8.432,965000,10.9987,961000,4.5069,960000,17.0728,959000,4.8402,958000,2.2142,957000,6.9504
25326365,970000,6.0319,969000,2.94,968000,28.98,966000,8.432,965000,13.7008,961000,4.5069,960000,30.9257,959000,9.8402,958000,2.2142,957000,6.8712
25326366,971000,2.0021,970000,13.6805,968000,1,965000,8.4341,964000,8.3018,961000,4.5069,960000,17.4479,959000,25.3879,958000,2.2142,957000,4.1712
25326367,970000,5,967000,1,966000,1.4398,965000,8.0461,964000,10.4312,961000,4.5069,960000,17.4479,959000,24.2422,958000,2.2142,957000,4.1504
25326368,973000,1.0182,971000,4.9421,970000,17.5565,965000,32.6731,964000,7.6045,961000,2.8602,960000,17.4479,959000,4.8402,958000,13.7388,957000,4.1504
25326369,973000,1.0182,971000,4.9421,970000,6.0319,965000,24.2911,964000,15.3665,961000,2.8602,960000,13.0728,959000,9.8402,958000,13.7596,957000,5.7504
25326370,973000,1.0182,971000,4.9421,970000,16.5246,965000,0.2911,964000,28.3044,961000,5.8345,960000,17.4479,959000,20.3928,958000,2.235,957000,5.7504
25326372,971000,4.9421,970000,5,969000,4.4914,965000,0.2911,964000,5.8069,961000,3.0715,960000,13.0728,959000,4.8402,958000,2.2142,957000,6.9712
25326372,971000,5.974,970000,5,969000,9.9292,967000,23,965000,8.2522,961000,9.1646,960000,18.0728,959000,4.8402,958000,3.8142,957000,5.3712
25326373,974000,71.9934,973000,2.0501,971000,4.9421,970000,18.3887,965000,10.5911,961000,27.4564,960000,18.0728,959000,7.6402,958000,2.2142,957000,4.1712
25326374,974000,71.9934,973000,1.0182,971000,5.974,970000,18.3887,965000,11.0911,962000,1.7212,961000,22.4938,960000,18.0728,959000,6.0402,958000,2.2142
25326375,974000,71.9934,973000,4.0182,971000,4.9421,970000,4.0319,965000,10.5607,962000,3.2365,961000,21.9203,960000,18.0728,959000,5.4402,958000,2.2142
25326377,973000,4.0182,971000,4.9421,970000,6.6344,965000,8.5831,964000,36.4383,961000,5.185,960000,18.0728,959000,18.09,958000,2.2142,957000,10.9712
25326378,973000,4.0182,971000,4.9421,970000,11.2216,965000,8.5831,964000,16.0581,961000,5.1853,960000,22.1587,959000,4.8402,958000,2.2142,957000,5.3504
25326379,973000,4.0182,971000,4.9421,970000,6.199,965000,9.5831,964000,18.1259,961000,2.8602,960000,22.1587,959000,19.2422,958000,2.2142,957000,6.9504
25326380,971000,4.9421,970000,6.199,965000,1.2911,964000,16.3637,963000,3.4068,961000,2.7182,960000,18.0728,959000,4.8402,958000,12.0116,957000,6.9504
25326381,973000,4.0182,971000,2.0021,970000,9.8052,965000,0.2911,964000,12.3725,961000,7.0541,960000,31.7537,959000,4.8402,958000,2.2142,957000,6.9712
25326382,971000,2.0021,970000,5.9719,969000,9.5554,965000,0.2911,964000,11.3725,961000,21.0558,960000,13.0728,959000,4.8402,958000,2.2142,957000,6.9504
25326383,971000,2.0021,970000,7.94,969000,4.8333,965000,0.2911,964000,11.3725,961000,6.8041,960000,32.3245,959000,4.8402,958000,2.2142,957000,6.9504
25326384,971000,2.0021,970000,8.9719,969000,9.5554,965000,0.2911,964000,11.3725,961000,2.7182,960000,31.7537,959000,4.8402,958000,2.2142,957000,6.9712
25326385,971000,2.0021,970000,8.9719,969000,4.8333,965000,0.2911,964000,12.7627,961000,15.9233,960000,18.0728,959000,4.8402,958000,2.2142,957000,6.9712
25326386,970000,8.9719,969000,1,967000,3.8333,965000,0.2911,964000,12.7627,961000,6.8041,960000,31.1844,959000,4.8402,958000,2.2142,957000,9.3712
25326387,971000,2.0021,970000,7.94,968000,5.5936,965000,29.2711,964000,12.7627,962000,1.1406,961000,2.7682,960000,18.1228,959000,4.8902,958000,13.6685
25326388,970000,4.94,968000,8.4428,965000,1.2911,964000,7.9657,963000,3.997,962000,1.1406,961000,2.7682,960000,18.1228,959000,15.7181,958000,2.2642
25326389,971000,2.0021,970000,5.9719,968000,2.7109,965000,0.2911,964000,11.1985,962000,0.292,961000,6.8541,960000,18.1228,959000,4.8902,958000,2.2642
25326390,970000,8.9719,968000,1,967000,1.7109,965000,0.2911,964000,11.1985,962000,0.342,961000,6.8541,960000,28.9507,959000,4.8902,958000,2.2642
25326391,971000,2.0021,970000,8.9719,968000,2.5608,965000,0.2911,964000,11.1985,962000,13.1622,961000,2.7682,960000,18.1228,959000,4.8902,958000,2.2642
25326392,970000,8.9719,968000,2.5608,965000,8.0241,964000,7.9657,963000,5.736,962000,0.3957,961000,2.7682,960000,18.1228,959000,4.8902,958000,6.2559
25326393,970000,6.0319,969000,14.3431,965000,8.4051,964000,11.0707,963000,4.3831,961000,2.7682,960000,16.531,959000,4.8902,958000,9.6797,957000,4.2004
25326394,970000,2,969000,7.6521,965000,8.0151,964000,11.0706,962000,4.1793,961000,2.0305,960000,14.2609,959000,4.8902,958000,2.2642,957000,5.6004
25326395,970000,2,969000,6.9719,965000,0.2911,964000,10.6785,962000,4.1793,961000,2.0305,960000,16.531,959000,4.8902,958000,2.2642,957000,4.2004
25326396,970000,2,969000,5.0319,965000,0.2911,964000,12.5364,961000,4.1793,960000,16.531,959000,4.8902,958000,2.2642,957000,4.2004,956000,11.8395
25326397,970000,2,969000,2.0319,965000,0.2911,964000,14.6413,961000,4.1793,960000,13.2609,959000,4.8902,958000,2.2642,957000,4.2004,956000,11.8395
25326398,971000,7.9421,970000,2,969000,2.0319,965000,0.2911,964000,13.0475,960000,15.531,959000,4.8902,958000,3.2652,957000,4.2004,956000,8.6475
25326399,971000,5.974,970000,2,969000,4,968000,23,965000,9.0098,961000,3.8781,960000,13.2609,959000,4.8902,958000,3.2652,957000,4.2004
25326400,971000,6.034,970000,2,969000,1.0319,965000,4.2898,964000,4.1762,960000,32.5274,959000,4.8902,958000,3.2652,957000,4.2212,956000,10.2267
25326401,973000,3.9582,971000,6.034,970000,8.1878,965000,0.2911,964000,4.1762,960000,14.7577,959000,32.7783,958000,3.886,957000,4.2004,956000,8.2267
25326402,973000,1.0182,971000,14.364,970000,7.1891,966000,0.01,965000,0.8587,961000,3.5119,960000,27.7632,959000,9.8902,958000,5.0652,957000,4.2212
25326403,972000,2.94,971000,7.0008,970000,3.1891,966000,0.01,965000,0.8587,963000,6.1588,962000,7.895,961000,23,960000,20.9652,959000,9.8902
25326404,973000,4.9901,971000,10.9758,970000,3.1891,966000,0.01,965000,0.1667,963000,9.0038,961000,2.5,960000,19.7652,959000,9.8902,958000,3.286
25326405,974000,40.2643,973000,1.0182,972000,1,971000,21.9821,970000,6.9743,965000,0.4592,964000,21.9831,961000,5.2,960000,13.2816,959000,4.8902
25326406,974000,37.3243,973000,2.0182,971000,2.0021,970000,3.6377,968000,1.1579,965000,3.2272,964000,7,962000,16.1457,961000,6.8,960000,13.2608
25326407,974000,38.3562,973000,2.0182,971000,2.0021,970000,3.1891,968000,1.6065,964000,7,963000,3.2479,961000,1.2,960000,27.0331,959000,4.8902
25326408,974000,37.3243,973000,2.0182,971000,2.0021,970000,27.337,969000,4.8565,965000,7.2233,964000,9.868,962000,17.0191,960000,13.2608,959000,4.8902
25326409,974000,36.2924,973000,2.0501,971000,2.0021,970000,35.1331,969000,7.2785,965000,13.5476,964000,10.352,962000,17.0191,960000,13.2608,959000,4.8902
25326411,975000,4.9587,974000,36.2924,973000,2.0501,971000,26.0021,970000,26.327,968000,0.6605,965000,9.2292,963000,5.669,962000,2.8207,960000,13.2608
25326411,975000,2.0187,974000,35.9934,973000,2.0501,971000,25.0021,970000,4.337,968000,2.6605,966000,3.2272,965000,37.277,964000,1.2,963000,0.0207
25326412,975000,4.9587,974000,35.9934,973000,2.0501,971000,26.0021,970000,4.3579,968000,2.6605,965000,6.002,964000,7.3679,963000,0.0207,962000,0.4
25326413,975000,2.0187,974000,37.0253,973000,1.0182,971000,26.0021,970000,7.1366,969000,0.2494,968000,2.5885,966000,3.2272,965000,14.219,964000,11.8015
25326414,975000,5.9906,974000,36.9934,973000,1.0182,971000,10.3421,970000,4.3961,969000,14.3895,968000,2.5012,965000,9.219,964000,2.2864,963000,1.6
25326416,975000,5.0187,974000,35.9934,973000,2.0182,971000,35.3321,970000,6.2747,969000,13.5382,968000,1.4653,965000,4.4003,964000,2.8207,960000,17.2608
25326417,975000,3.0506,974000,35.9934,973000,27.0082,971000,2.0021,970000,3.7814,969000,9.5313,968000,1.4653,965000,4.4003,964000,2.8207,960000,17.2608
25326418,974000,37.0253,973000,2.0182,971000,2.0021,970000,1.9606,969000,2.2701,965000,15.4813,964000,23,963000,1.6,962000,1.2207,960000,20.6615
25326419,974000,37.0253,973000,2.0182,971000,2.0021,970000,1.9606,969000,2.2701,968000,0.1458,965000,1.002,962000,4.6006,961000,0.0207,960000,17.2608
25326420,974000,37.0253,973000,2.0182,971000,2.5688,970000,1.9606,969000,0.4999,965000,13.2854,963000,10.2696,962000,1.2,961000,0.0207,960000,17.2608
25326421,974000,35.9934,973000,2.5849,972000,23,971000,29.9921,970000,8.6024,962000,2.8207,960000,17.2608,959000,4.8902,958000,2.2642,957000,4.2004
25326422,974000,35.9934,973000,1.0182,971000,2.0021,970000,0.9601,969000,30.8182,961000,32.6506,960000,13.2608,959000,4.8902,958000,3.4642,957000,4.2004
25326423,973000,1.0182,971000,3.034,970000,0.9601,969000,13.426,968000,0.022,964000,2.3421,962000,31.9662,961000,4,960000,13.2608,959000,7.6902
25326424,974000,35.9934,973000,2.0501,971000,2.0021,970000,13.9701,969000,9.8811,966000,2.8523,964000,0.4,963000,1.2,962000,0.7402,961000,4
25326425,974000,38.9334,973000,1.9167,971000,3.0021,970000,12.9701,969000,9.8999,966000,13.2746,965000,8.348,964000,23,963000,2.8207,962000,1.0027
25326426,974000,36.9784,973000,1.9167,971000,3.0021,970000,15.6858,969000,0.0188,966000,37.1318,963000,2.8,962000,1.0234,961000,4,960000,13.5851
25326427,974000,38.8769,973000,1.0182,971000,2.0021,970000,20.0773,969000,2.7345,967000,6.353,965000,8.291,963000,2.8,962000,0.0207,961000,4.3239
25326428,974000,38.7754,973000,1.0182,971000,3.0021,970000,11.7791,969000,4.2027,966000,7.7784,963000,3.8044,962000,0.0207,961000,4.3242,960000,13.5851
25326429,974000,37.8769,973000,4.8567,971000,3.0021,970000,10.5187,969000,4.4623,964000,1.5414,963000,7.801,962000,6.0243,961000,2.8,960000,17.8993
25326430,973000,4.8567,971000,3.0021,970000,10.5187,969000,1.2792,968000,4.4435,965000,17.3171,964000,26,962000,1.0243,960000,13.575,959000,4.8902
25326431,975000,2.0187,974000,35.9934,973000,3.9582,971000,3.0021,970000,11.9833,968000,3.2085,967000,8.1147,966000,7.962,964000,2,962000,0.0207
25326432,975000,2.0187,974000,36.9934,973000,26.9982,971000,2.0021,970000,7.86,968000,3.2085,967000,8.1147,966000,7.962,964000,2.2023,962000,0.0207
25326433,975000,2.9172,974000,39.9334,973000,1.0182,971000,2.0021,970000,2.543,968000,9.0605,967000,8.178,965000,21.99,964000,11.7409,963000,0.0207
25326434,974000,39.8319,973000,1.0182,972000,23,971000,38.0471,970000,6.702,969000,0.72,964000,22.8276,963000,1.0263,960000,17.5696,959000,4.8902
25326435,974000,38.9334,973000,14.223,972000,23,971000,7.3772,970000,0.8946,967000,5.2694,966000,7.717,965000,23,964000,22.5185,962000,0.0207
25326436,974000,37.8919,973000,1.0182,972000,23,971000,2.0021,970000,13.7009,967000,8.4931,965000,23,964000,20.6496,962000,1.5264,960000,17.2608
25326437,974000,37.8919,973000,13.3245,972000,23,971000,27.9821,970000,0.0694,967000,16.0791,964000,6.6944,962000,3.1264,960000,17.2608,959000,4.8902
25326438,975000,2.0187,974000,48.2997,973000,35.2262,972000,4.3751,971000,2.0021,968000,18.2714,967000,8.03,966000,24.0015,965000,6.6909,964000,1.5265
25326439,977000,60.3381,975000,2.0187,974000,61.9734,973000,5.3933,971000,1.9749,968000,22.065,967000,5,966000,1.0015,964000,3.1471,960000,17.2608
25326440,977000,45.5548,975000,2.0187,974000,46.4525,973000,5.3933,971000,2.4644,969000,13.9022,968000,8.347,967000,28,966000,1.6,964000,1.5556
25326441,977000,45.5548,975000,2.0187,974000,46.4525,973000,23.691,971000,2.4644,969000,5.018,968000,8.347,967000,13.6785,966000,11.5064,964000,2.2253
25326442,977000,45.5548,975000,2.0187,974000,36.9934,973000,22.1631,971000,6.8395,967000,12.6835,966000,8.9933,964000,29.9845,960000,17.2608,959000,4.8902
25326443,977000,44.6563,975000,2.9172,974000,35.9934,973000,20.3159,971000,10.2666,967000,34.1117,966000,7.99,965000,0.6206,964000,12.7914,960000,17.5683
25326444,977000,47.6563,975000,2.9172,974000,43.7956,973000,2.0182,971000,1.3209,968000,7.4544,967000,39.8225,965000,18.9807,964000,2.9379,963000,4.0207
25326445,977000,48.6563,975000,4.8659,974000,39.9934,973000,1.0182,971000,1.3209,969000,7.4373,967000,39.9022,965000,19.8176,964000,0.3347,963000,4
25326446,978000,62.7418,977000,48.6563,975000,12.6681,974000,39.9934,973000,20.1275,970000,4.7067,969000,22.716,968000,28.8721,967000,15.9026,966000,1.6206
25326447,978000,62.7418,977000,45.6563,975000,2.0187,974000,39.9934,973000,20.1275,970000,2.9616,969000,19.4542,968000,35.5046,967000,15.9078,966000,1.6
25326448,978000,61.8433,977000,45.5548,975000,3.0187,974000,39.9934,973000,20.1275,970000,8.2711,969000,5,968000,5.8721,967000,16.9105,965000,0.9242
25326449,978000,62.7418,977000,45.6563,975000,2.0187,974000,62.9934,973000,0.5302,970000,3.3694,969000,5,968000,20.9905,967000,17.9136,966000,1.6
25326450,978000,62.7418,977000,45.6563,975000,2.0187,974000,91.1486,973000,3.2313,972000,1.023,969000,15.7082,968000,8.214,967000,33.5819,966000,1.6
25326451,978000,53.8985,977000,45.6563,975000,2.0187,974000,66.9934,973000,0.1834,972000,0.0404,969000,15.7082,968000,8.214,967000,34.2819,966000,0.0206
25326452,979000,14.8521,978000,50.8985,977000,44.6563,975000,34.1227,974000,44.5163,972000,0.0404,969000,32.8884,968000,8.214,967000,15.9284,966000,2.6054
25326453,979000,14.8521,978000,50.8985,977000,44.6563,975000,26.0187,974000,48.0807,972000,0.0404,969000,25.6954,968000,8.214,967000,15.9284,966000,2.6054
25326454,979000,14.8521,978000,50.8985,977000,44.6563,975000,26.0187,974000,47.9629,972000,0.0404,969000,25.6954,968000,8.214,967000,15.9078,966000,2.6268
25326456,979000,14.8521,978000,50,977000,45.5548,975000,26.0187,974000,49.6416,972000,0.0404,969000,17.9718,968000,7.905,967000,23.1226,966000,2.6267
25326457,979000,14.8521,978000,50,977000,45.5548,975000,3.0187,974000,47.5432,972000,0.0404,969000,23.4202,968000,8.8784,967000,16.4078,966000,1.0267
25326458,979000,14.8521,978000,50,977000,45.5548,975000,3.0187,974000,37.4581,972000,1.2547,969000,17.9725,967000,25.2862,966000,1.0267,965000,0.8868
25326459,979000,14.8521,978000,50.8985,977000,45.6563,975000,2.0187,974000,34.621,972000,1.2547,969000,23.6305,967000,17.4125,966000,0.0206,965000,0.9185
25326460,979000,14.8521,978000,50.8985,977000,45.6563,975000,2.0187,974000,34.621,972000,1.2547,970000,9.3751,969000,22.5562,967000,17.4123,966000,0.0206
25326461,979000,11.9121,978000,53.8385,977000,45.6563,975000,2.0187,974000,34.621,972000,1.2547,970000,9.3751,969000,29.2552,967000,17.4328,965000,4.9369
25326462,979000,11.9121,978000,53.8385,977000,45.6563,975000,2.0187,974000,34.621,972000,1.2547,970000,5,969000,29.2552,967000,17.4127,966000,0.357
25326463,979000,11.9121,978000,53.8385,977000,45.6563,975000,2.0187,974000,34.621,973000,0.3,972000,1.2547,970000,17.1971,969000,21.3192,968000,1.2
25326464,979000,11.9121,978000,52.94,977000,45.6563,975000,2.0187,974000,36.9955,972000,1.2547,970000,9.3751,969000,25.5192,968000,1.2205,967000,15.9078
25326465,979000,11.9121,978000,53.8385,977000,45.6563,975000,2.0187,974000,31.2982,972000,1.2547,970000,9.3751,969000,35.5473,968000,2.6038,967000,15.9284
25326466,979000,11.9121,978000,53.8385,977000,45.6563,975000,2.0187,974000,41.8386,972000,0.1751,970000,9.3751,969000,35.5473,968000,2.6242,967000,15.9078
25326467,979000,11.9121,978000,53.8385,977000,44.6563,975000,2.0187,974000,43.1042,969000,34.0479,968000,0.0205,967000,26.8981,966000,2.8,965000,0.3331
25326468,979000,11.9121,978000,52.94,977000,44.6563,975000,2.0187,974000,41.0379,970000,15.9004,969000,45.059,967000,17.5078,966000,1.2206,960000,32.2708
25326469,979000,11.9121,978000,53.8385,977000,56.1967,975000,2.0187,974000,30.4975,970000,18.2695,969000,46.0602,968000,0.0206,967000,17.5078,966000,1.5322
25326470,979000,12.8106,978000,52.94,977000,56.1967,975000,2.0187,974000,30.4975,971000,8.8503,970000,9.3752,969000,25.4989,968000,0.0206,967000,30.8823
25326471,979000,12.8106,978000,52.94,977000,56.1967,975000,2.0187,974000,54.8979,970000,27.3032,969000,17.4559,968000,1.0236,967000,8.6785,966000,3.4649
25326472,979000,11.9121,978000,53.8385,977000,57.1967,975000,2.0187,974000,53.4975,970000,25.3695,969000,14.2641,968000,24.7884,967000,9.8785,966000,0.332
25326473,979000,11.9121,978000,53.8385,977000,46.6563,975000,2.0187,974000,30.4975,972000,0.8479,970000,24.9216,969000,23.1398,968000,1.0021,967000,1.2206
25326474,979000,12.8106,978000,52.94,977000,46.6563,975000,2.0187,974000,30.4975,972000,0.8479,970000,24.9216,969000,23.1398,967000,3.8252,966000,0.665
25326475,979000,12.8106,978000,52.94,977000,45.6563,975000,2.0187,974000,31.53,972000,0.8479,970000,25.5464,969000,13.8757,967000,1.0252,966000,3.133
25326476,979000,11.9121,978000,50.8985,977000,48.5963,975000,2.0187,974000,30.9259,972000,0.8479,970000,27.4833,969000,13.8757,967000,1.0252,966000,3.1347
25326477,979000,11.9121,978000,50.8985,977000,49.5963,975000,2.0187,974000,30.9259,972000,0.8479,970000,28.646,969000,13.8757,967000,1.0046,966000,3.1571
25326478,979000,11.9121,978000,50.8985,977000,49.5963,975000,2.0187,974000,24.3246,972000,0.4,971000,4.3752,970000,36.446,969000,13.8757,967000,1.6206
25326479,979000,12.8106,978000,50,977000,49.5963,975000,2.0187,974000,24.3246,972000,0.4,970000,36.446,969000,13.8757,967000,2.6257,966000,1.5035
25326480,979000,11.9121,978000,50.8985,977000,44.6563,975000,2.0187,974000,40.1029,972000,0.4,970000,28.646,969000,5,967000,12.6082,966000,1.4985
25326481,978000,50.8985,977000,45.6563,975000,2.0187,974000,44.4352,973000,30.3551,967000,0.8115,963000,22.1684,961000,1.3,960000,46.849,959000,4.8902
25326482,978000,50,977000,44.6563,975000,2.0187,974000,52.3769,973000,0.4308,964000,30.3501,961000,28.0741,960000,24.869,959000,4.8902,958000,2.2642
25326483,977000,44.6563,975000,16.802,974000,25.3969,973000,32.438,972000,19.6614,966000,26.6236,965000,7.5,962000,1.3418,960000,24.869,959000,4.9002
25326484,977000,45.7286,975000,13.862,974000,33.0576,973000,0.4308,972000,5.2755,967000,25.6298,966000,0.0206,965000,56.008,963000,7.8842,960000,24.869
25326485,977000,45.7286,976000,2.94,975000,13.862,974000,34.865,973000,4.3752,968000,33.1279,966000,9.1839,965000,5,960000,24.869,959000,4.9002
25326486,978000,50,977000,48.7286,976000,2.94,975000,13.862,974000,25.7554,968000,6.9541,966000,35.29,965000,5.0206,960000,25.169,959000,4.9002
25326487,978000,50,977000,48.7286,976000,2.94,975000,13.862,974000,40.1888,969000,3.7282,968000,32.0513,967000,8.1085,965000,7.5,960000,292.2487
25326488,978000,51.0723,977000,47.6563,976000,2.94,975000,15.2928,974000,29.9023,969000,4.5759,968000,23.3841,967000,23,965000,7.5206,960000,288.2487
25326489,978000,51.0723,977000,44.6563,976000,2.94,975000,25.4024,974000,28.3735,970000,16.2043,969000,0.8831,968000,5,966000,1.3205,965000,1.2
25326490,978000,50,977000,48.7286,976000,2.94,975000,13.862,974000,33.1055,970000,24.4759,969000,0.8831,966000,0.0205,965000,2.5,960000,292.2487
25326491,978000,50,977000,48.7286,976000,2.94,975000,25.8332,974000,29.8238,969000,9.7443,967000,38.0885,966000,0.0205,965000,2.5,960000,292.2487
25326492,979000,0.0688,978000,50,977000,45.7286,975000,31.7732,974000,27.573,969000,8.0037,968000,7.915,967000,34.3599,966000,1.3205,965000,1.2
25326493,979000,0.0688,978000,51.0723,977000,47.6563,975000,27.7732,974000,27.2995,969000,31.2913,968000,7.9355,967000,23,966000,2.5,960000,292.2487
25326494,979000,0.0688,978000,51.0723,977000,47.6563,975000,17.802,974000,27.2995,970000,6.636,968000,4.1168,967000,9.489,960000,292.2487,959000,4.9002
25326495,979000,0.0688,978000,51.0723,977000,44.6563,975000,19.802,974000,39.2707,970000,6.636,969000,21.7059,968000,8.2905,966000,2.5,960000,292.2487
25326496,979000,0.0688,978000,51.0723,977000,44.6563,975000,16.802,974000,42.277,969000,48.6218,968000,8.069,966000,2.5206,960000,292.2487,959000,4.9002
25326498,979000,0.0688,978000,50,977000,45.7286,975000,30.7795,974000,28.2995,969000,6.9003,968000,38.4598,966000,2.5206,960000,292.2487,959000,4.9002
25326499,979000,0.0688,978000,51.0723,977000,45.6563,975000,16.802,974000,41.277,969000,22.5192,967000,1.3,966000,1.2206,960000,282.2487,959000,4.9002
25326500,978000,51.0723,977000,48.6563,976000,2.94,975000,24.8395,974000,27.2995,970000,5,969000,31.378,968000,7.8189,967000,1.3,962000,9.9792
25326501,979000,3.0688,978000,51.0723,977000,50.6591,975000,16.8369,974000,24.0541,971000,10.1913,970000,28,968000,7.8189,962000,13.9792,960000,278.2487
25326502,979000,4.1411,978000,50,977000,45.6563,975000,13.862,974000,9.8663,973000,2.8043,972000,3.311,971000,47.3895,969000,1.3,968000,1.2205
25326503,979000,7.0811,978000,50,977000,46.9376,975000,13.862,974000,8.8785,972000,5.0555,971000,37.8867,969000,2.6018,968000,1.2,960000,282.2487
25326504,979000,3.0688,978000,51.0723,977000,44.6563,975000,14.862,974000,1.257,973000,0.6438,972000,1.4003,971000,27.1947,969000,2.1558,968000,1.2
25326505,980000,1.2848,979000,4.0078,978000,50,977000,48.6312,975000,10.5327,972000,7.6598,971000,22.7547,969000,1.3205,968000,1.2,960000,282.572
25326506,980000,1.2848,979000,1.0078,978000,50,977000,48.6312,975000,5.5523,972000,4.7645,971000,46.6253,969000,0.0205,968000,2.2065,960000,282.5721
25326507,981000,8.0477,980000,1.2848,979000,0.0688,978000,50,977000,51.6967,975000,0.6438,974000,0.0273,973000,4.2236,971000,32.8867,970000,2.5205
25326508,981000,8.9867,980000,1.2848,979000,0.0688,978000,51,977000,24.9574,976000,1.8826,974000,0.2493,973000,8.374,972000,0.0204,971000,32.8867
25326509,981000,8.0477,980000,2.2238,979000,0.0688,978000,51,977000,5.9784,976000,1.8826,974000,0.2493,971000,34.1867,970000,3.2261,964000,53.3108
25326510,981000,8.0477,980000,1.2848,979000,0.0688,978000,51,977000,0.3348,976000,1.8826,974000,0.0273,973000,0.0204,972000,1.855,971000,32.8867
25326511,982000,4.139,981000,5.0477,980000,1.2848,979000,0.0688,978000,1.592,977000,0.6438,976000,1.2661,973000,5.6304,972000,0.8,971000,32.8867
25326512,982000,1.2,981000,3.8301,980000,4.2248,979000,1.2383,978000,1.592,975000,0.645,974000,4.2079,973000,8.5995,972000,23.4,971000,11.1063
25326513,982000,2.0878,981000,2.1077,980000,1.2848,979000,0.0688,978000,1.3431,976000,3.8507,974000,1.0004,973000,6.7676,972000,2.2073,971000,11.4632
25326514,983000,0.4,982000,3.42,981000,2.1077,980000,1.2848,979000,0.0688,978000,2.6257,975000,3.2057,974000,5,973000,6.7676,972000,1.7632
25326515,982000,2.6435,981000,2.1077,980000,1.2848,979000,0.0688,978000,0.3143,976000,53.4795,974000,6,973000,6.7676,972000,2.374,971000,11.0867
25326516,982000,1.2,981000,2.1077,980000,3.0064,979000,1.2383,978000,2.94,974000,10.8578,973000,6.7676,972000,52.1851,971000,11.4632,970000,1
25326517,982000,1.6993,981000,2.1077,980000,1.2848,979000,0.0688,978000,4.1095,976000,0.6465,974000,6.0017,973000,6.7676,972000,53.4851,971000,11.4632
25326518,982000,1.8212,981000,2.1077,980000,1.2848,979000,0.0688,978000,0.5451,976000,3.8522,974000,5,973000,6.7871,972000,53.0212,971000,11.4729
25326519,983000,3.4,982000,1.8212,981000,2.7734,980000,1.2848,979000,0.0688,978000,4.4576,974000,10.3777,973000,0.9,972000,51.7407,971000,22.4227
25326520,983000,0.4,982000,0.1,981000,2.1077,980000,4.1417,979000,3.0088,976000,4.0626,975000,8.024,974000,28.5752,973000,0.9195,972000,51.3661
25326521,983000,0.4,982000,0.1,981000,2.1077,980000,1.2848,979000,0.95,978000,8.4449,977000,30.785,976000,0.9993,974000,1.2,973000,0.9195
25326522,983000,0.4,982000,0.1,981000,2.1077,980000,1.2848,979000,2.7804,978000,11.0224,977000,30.785,974000,2.5869,973000,0.9,972000,51
25326523,983000,0.4,982000,0.1,981000,2.1077,980000,1,979000,4.2817,978000,6.495,977000,30.949,974000,5.3343,972000,51,971000,20.8561
25326524,985000,113.6914,984000,0.3111,983000,0.4,982000,0.1,981000,2.1077,980000,6.4561,978000,4,977000,7.949,975000,2.3037,974000,1.9501
25326525,984000,4.7031,983000,0.4,982000,3.04,981000,2.1077,980000,6.6715,979000,8.4218,978000,31.328,975000,4.9498,974000,1.9501,972000,51
25326526,985000,113.6914,984000,6.3486,983000,0.4,982000,0.1,981000,0.0437,980000,6.2309,979000,30.923,977000,2.5194,976000,1.0026,975000,3.0351
25326527,985000,113.6914,984000,0.3111,983000,6.1969,982000,0.1,981000,0.0037,980000,34.4188,977000,1.4,976000,3.7638,975000,1.389,974000,0.3653
25326528,986000,3.0575,985000,113.6914,984000,3.2511,983000,3.2518,982000,0.5,981000,7.7312,980000,30.855,977000,7.0317,976000,1.024,975000,1.3984
25326529,986000,3.0575,985000,113.6914,984000,0.3111,983000,15.537,982000,1.4078,981000,2.7108,980000,31.039,978000,5.9602,977000,0.5474,975000,2.4105
25326530,988000,0.089,986000,3.0575,985000,118.6914,984000,6.1352,983000,2.94,981000,4.0961,980000,31.372,978000,2.5194,975000,7.6621,972000,55
25326531,988000,0.7613,986000,3.0575,985000,113.6914,984000,1.1352,983000,3.1652,981000,25,980000,1,978000,1.2194,975000,7.893,972000,55
25326532,989000,0.6723,988000,0.7613,986000,5.9975,985000,113.6914,984000,1.1352,980000,2.1731,979000,11.3282,978000,2.5194,975000,12.4476,974000,2.94
25326533,989000,1.3446,988000,0.089,986000,5.9975,985000,127.4608,984000,1.1352,981000,3.0362,980000,8.9636,978000,4.4892,975000,2.3857,974000,6.94
25326534,988000,0.089,987000,2.94,986000,3.0575,985000,127.4608,984000,0.3111,980000,9.0954,979000,7.723,978000,15.021,975000,2.0059,974000,6.94
25326535,988000,0.089,987000,2.94,986000,3.0575,985000,128.2849,984000,0.3111,982000,8.2855,981000,7.721,980000,0.7626,979000,16.98,978000,18.5614
25326536,988000,0.089,987000,2.94,986000,3.0575,985000,114.5155,984000,0.2811,982000,3,980000,8.8396,979000,1.2,978000,7.2045,977000,0.0194
25326537,988000,0.7613,987000,2.94,986000,3.0575,985000,114.5155,984000,0.9276,982000,5.8211,980000,4.3138,979000,11.7994,978000,1,977000,0.0194
25326538,988000,0.7613,987000,2.94,986000,3.0575,985000,113.6914,984000,1.7517,980000,7.3406,979000,9.3734,978000,1,977000,2.5194,975000,2.3856
25326539,987000,2.94,986000,3.7298,985000,113.6914,984000,3.2811,983000,0.6465,980000,0.7626,979000,5,978000,11.2981,977000,0.0194,976000,2.205
25326541,987000,2.94,986000,3.0575,985000,112.6914,984000,13.1605,983000,0.4384,980000,5.7626,979000,7.822,978000,11.2224,976000,8.9469,975000,1.3494
25326542,990000,30.5398,988000,0.089,986000,5.9975,985000,113.5443,984000,10.7047,982000,0.1595,980000,9.0985,979000,9.729,978000,10.4664,974000,2.94
25326543,990000,30.5398,988000,0.9419,986000,5.9975,985000,112.6914,984000,32.7047,980000,5.0407,979000,4.729,977000,0.0204,975000,1.003,974000,5.6975
25326544,988000,1.1233,986000,3.0575,985000,123.1347,984000,26.8835,983000,2.127,980000,7.8433,979000,8.031,977000,31.5978,976000,1.1,972000,32.0207
25326545,988000,0.089,986000,4.0918,985000,112.6914,984000,36.7625,983000,2.94,981000,11.8708,980000,8.282,978000,2.881,977000,6.597,972000,32.0207
25326546,988000,1.1233,986000,3.0575,985000,113.6914,984000,14.7625,983000,3.8253,982000,0.0822,981000,7.8506,980000,8.282,978000,9.7988,977000,0.0204
25326547,988000,1.1233,986000,3.0575,985000,118.6914,984000,10.3872,983000,3.2228,982000,4.1035,981000,5,980000,8.282,978000,6.8017,972000,33.0207
25326548,989000,1.0343,988000,0.089,986000,3.0575,985000,118.6914,984000,13.3272,982000,12.3395,981000,8.01,979000,21.99,978000,8.9897,972000,37.0207
25326549,990000,30.5398,989000,1.0343,988000,0.089,986000,3.0575,985000,123.8456,983000,4.5783,982000,6.3199,981000,8.01,980000,0.05,978000,7.6897
25326550,990000,30.5398,989000,0.901,988000,3.029,986000,3.0575,985000,82.6397,983000,7.2927,982000,1.3199,980000,0.05,979000,8.9783,978000,1.1
25326551,990000,30.5398,989000,0.7676,988000,3.029,986000,3.0575,985000,29.3986,984000,8.0919,983000,4.6377,982000,0.4104,980000,0.0703,979000,2.9465
25326552,990000,31.0863,989000,0.7676,988000,3.029,986000,3.0575,985000,11.5097,984000,8.8115,983000,4.6377,982000,0.3282,980000,0.05,979000,2.9465
25326553,990000,31.0861,989000,0.7676,988000,3.029,986000,3.0575,985000,0.1,984000,21.5686,983000,4.3103,982000,0.3282,980000,0.4569,979000,2.4
25326554,991000,13.7913,990000,31.0861,989000,0.7676,988000,3.029,986000,2.6683,984000,3.106,983000,27.1127,982000,1.6282,981000,1.1,980000,0.0703
25326555,991000,16.7913,990000,31.1741,989000,1.7676,988000,8.284,986000,5.6083,985000,0.0382,984000,7.0846,983000,3.5664,982000,0.3282,980000,1.0549
25326556,991000,16.7913,990000,31.1741,989000,26.7576,988000,8.284,986000,9.3303,984000,2.806,983000,3.5664,982000,4.7035,980000,2.1473,979000,2.4
25326557,989000,1.4019,988000,0.089,987000,8.368,986000,36.6484,984000,1.3436,980000,3.6779,978000,11.7901,973000,3.3058,972000,33.0707,970000,1
25326558,989000,0.6343,988000,3.089,986000,46.2054,985000,0.7474,982000,1.4537,980000,0.05,978000,8.5246,976000,12.0236,975000,0.0204,973000,3.2996
25326559,988000,0.089,986000,6.2426,985000,3,982000,7.435,979000,0.7329,978000,3.8908,974000,3.6484,973000,2.94,972000,34.8707,970000,1.3
25326560,990000,66.5398,988000,0.089,986000,3.3026,985000,4,982000,7.3691,978000,4.3908,975000,3.6279,974000,32.281,973000,4.2605,972000,35.5206
25326561,987000,2.94,986000,2.6683,985000,4,982000,6.5261,981000,0.7329,978000,4.2807,975000,4.6309,974000,23.3431,973000,2.94,972000,36.4912
25326562,987000,2.94,986000,3.3026,982000,3.557,979000,1.0809,978000,4.9231,975000,4.3078,974000,23,973000,2.94,972000,34.0912,967000,2.4
25326563,986000,2.6683,985000,7.5743,982000,0.5753,979000,1.0809,978000,8.99,975000,5.7508,974000,3.8351,973000,2.94,972000,34.0707,971000,2.6584
25326564,986000,2.6683,985000,4.5743,982000,3.5753,979000,1.0809,978000,5.0394,975000,13.5294,974000,26.8351,973000,2.94,972000,35.3707,971000,1.3789
25326565,986000,2.6683,985000,4.5743,982000,3.5753,979000,1.0809,978000,9.0202,975000,8.3956,974000,2.8342,972000,42.7678,971000,0.0205,965000,1
25326566,986000,2.6683,985000,4.5743,982000,10.9268,979000,1.0809,978000,6.6846,975000,8.3956,974000,2.8342,973000,5,972000,38.2883,965000,1
25326567,986000,2.6683,985000,3.5743,982000,7.5569,979000,0.348,978000,2.7329,975000,7.4064,974000,2.8342,973000,6.023,972000,38.2407,965000,1
25326568,986000,2.6683,985000,10.4643,982000,1.5753,979000,0.348,978000,2.2611,976000,3.9543,975000,3.8908,974000,2.8342,973000,6.023,972000,38.2407
25326569,988000,0.089,986000,2.6683,985000,17.517,982000,0.5753,981000,68.5002,975000,8.3339,974000,2.8342,973000,7.3205,972000,37.4706,965000,55
25326570,988000,0.089,986000,2.6683,985000,13.627,982000,32.4083,981000,34.0905,977000,5.0859,975000,25.1341,974000,3.7547,973000,6.0023,972000,37.3406
25326571,988000,3.089,986000,2.6683,985000,3.5743,982000,32.4083,981000,2.9031,978000,5.3514,977000,1,975000,17.0233,974000,3.7547,973000,3.9423
25326572,988000,3.089,986000,19.2212,984000,1,983000,30.684,982000,29.4723,980000,13.392,978000,13.4547,977000,6,975000,2.0017,974000,5.0547
25326573,990000,74.026,988000,3.089,986000,6.2426,985000,52.5572,982000,0.5753,980000,14.6403,978000,7.783,977000,12.0916,975000,1.0204,974000,3.1579
25326574,988000,0.7233,986000,5.6083,985000,32.413,984000,2.917,982000,0.5753,980000,13.3237,977000,13.6619,975000,4.7452,974000,2.8547,973000,2.94
25326575,987000,2.94,986000,2.6683,985000,32.413,984000,21.1442,982000,0.5753,980000,13.1516,978000,30.0168,977000,2.3,975000,6.4056,974000,2.8342
25326576,989000,3,988000,3.6633,986000,2.6683,985000,32.413,984000,37.1954,980000,18.6817,979000,7.719,978000,7.9968,977000,2.3,975000,6.3852
25326577,989000,4.6343,988000,3.029,986000,2.6683,985000,31.413,984000,8.9756,980000,19.73,979000,7.719,977000,2.3204,975000,5.3729,972000,34.0707
25326579,990000,38.026,989000,4.6343,988000,3.029,986000,10.5083,985000,25.8992,980000,19.3805,977000,1.0204,976000,2.4,975000,4.2729,972000,34.0707
25326579,990000,38.026,989000,1,988000,3.089,986000,10.7453,985000,28.6728,980000,29.0308,978000,0.0204,977000,1,976000,2.4,975000,1.3265
25326580,989000,1,988000,0.089,987000,2.94,986000,10.7453,985000,26,980000,21.7356,978000,6.7162,977000,1.0204,976000,2.4,975000,4.2665
25326582,988000,0.089,987000,2.94,986000,17.3211,985000,33.944,984000,2.8766,980000,22.1759,978000,6.732,977000,3.324,976000,1.1,975000,1.3202
25326583,988000,0.089,987000,11.5712,986000,11.6633,985000,5.8766,983000,0.7986,981000,15.3701,980000,46.149,978000,2.4204,977000,2.0036,975000,1.3202
25326584,988000,0.089,987000,11.5712,986000,6.5449,985000,3,983000,0.7986,981000,11.4636,980000,15,978000,7.4721,977000,2.024,975000,1.3202
25326585,989000,1.6343,988000,0.089,987000,2.94,986000,40.0566,985000,2.9688,982000,7.2145,981000,10.4213,980000,15,978000,1.1204,977000,1.3286
25326586,990000,38.026,989000,18.3883,988000,0.089,987000,2.94,986000,3.989,982000,6.4987,981000,32.5746,980000,10,979000,2.4,978000,0.0204
25326587,990000,39.026,989000,14.3883,988000,13.7418,987000,5.8166,986000,8.1797,982000,25.4782,981000,24.8006,980000,11.3203,979000,1.4513,977000,1
25326588,990000,38.026,989000,3,988000,24.4048,987000,2.8766,986000,6.1017,983000,3.5621,982000,51.7053,981000,1.8006,980000,11.3,979000,1.1204
25326589,990000,38.026,989000,3,988000,24.4048,987000,2.8766,986000,6.1017,982000,32.3627,981000,1.8006,980000,11.3203,979000,1.4646,977000,1
25326590,990000,38.026,989000,15.9127,988000,7.812,987000,2.8766,986000,6.1017,983000,5.3256,982000,6.4987,981000,1.8006,980000,24.2127,979000,1.1204
25326591,991000,14.4256,990000,39.026,989000,13.2199,988000,10.752,986000,4.3092,984000,7.9097,982000,6.4987,981000,20.9818,980000,22.9127,979000,1.1204
25326592,991000,13.7913,990000,41.9972,989000,3,988000,3.029,986000,4.3092,984000,6.4871,983000,23,982000,7.619,980000,11.3,979000,0.3642
25326593,991000,13.7913,990000,43.5365,989000,2.94,988000,5.9656,986000,0.0172,984000,6.1785,983000,1.4987,982000,13.9843,980000,19.9278,979000,0.0204
25326594,991000,13.7913,990000,39.026,989000,30.8066,988000,0.089,986000,0.0172,985000,7.6977,982000,13.9843,980000,19.9278,979000,0.0204,977000,4.3124
25326595,992000,38.4913,991000,13.7913,990000,39.026,989000,28.7343,988000,2.9656,986000,2.3828,982000,13.4792,980000,13.4031,979000,0.0204,977000,1.3792
25326596,992000,37.857,991000,13.7913,990000,38.026,989000,8.8166,988000,0.734,986000,1.3828,985000,1.4987,984000,13.012,983000,23,982000,12.9842
25326597,991000,13.7913,990000,38.026,989000,29.94,988000,0.089,987000,0.945,986000,4.3828,984000,6.4987,983000,32.2743,982000,11.1336,981000,5.9539
25326598,990000,38.026,989000,5.94,988000,0.089,987000,0.3,986000,4.8104,984000,31.3962,983000,2.501,982000,5,981000,7.2539,980000,11.3843
25326599,992000,38.857,991000,13.7913,990000,38.026,989000,5.94,988000,0.089,986000,0.8684,984000,39.4792,982000,6.0022,981000,2.4,980000,11.3843
25326600,992000,38.857,991000,13.7913,990000,38.026,989000,11.213,988000,6.2245,986000,0.0956,985000,4,984000,29.4987,982000,12.4508,981000,2.7827
25326601,991000,14.7913,990000,40.966,989000,13.0486,988000,32.069,987000,4.6456,986000,6.3347,985000,1,984000,28,982000,7.3017,981000,2.4
25326602,991000,14.7913,990000,40.966,989000,13.0486,988000,3.089,987000,8.2902,986000,0.0956,985000,1,984000,28,982000,7.0038,981000,4.8617
25326603,992000,38.857,991000,13.7913,990000,40.966,988000,3.089,987000,3.3293,986000,0.0956,985000,1,984000,29.4987,982000,8.4037,981000,0.0203
25326604,993000,1.5208,992000,38.857,991000,13.7913,990000,61.966,988000,6.4183,986000,0.0956,985000,1,984000,29.4987,982000,14.3138,981000,0.0203
25326605,991000,14.7913,990000,38.026,989000,17.3883,988000,8.9056,987000,0.3293,986000,0.0956,985000,1,984000,5,982000,5,981000,5.3498
25326606,992000,38.4913,991000,13.7913,990000,38.026,989000,17.3883,988000,6.3583,986000,2.6919,985000,1,984000,1.4987,983000,8.189,982000,34.4471
25326607,991000,13.7913,990000,38.026,989000,3,988000,3.089,987000,3.2693,986000,1.5293,985000,1,984000,5,983000,8.189,982000,28
25326608,991000,13.7913,990000,38.026,989000,3,988000,3.089,987000,6.1459,986000,1.0315,985000,3,983000,1.0031,982000,5,980000,14.9091
25326609,990000,38.026,989000,17.3883,988000,3.089,987000,4.1441,986000,2.2978,985000,3,983000,2.5018,982000,13.007,980000,14.9091,979000,0.0204
25326610,990000,43.867,989000,3,988000,3.089,987000,4.1441,986000,2.2978,985000,2.2655,983000,2.5018,982000,5,981000,1.0039,980000,16.6033
25326611,991000,14.4256,990000,50.3228,989000,3,988000,3.089,987000,4.7887,984000,9.6235,983000,35.8811,981000,3.1538,980000,12.3203,974000,7.2954
25326612,991000,13.7913,990000,57.3509,989000,43.2768,988000,3.089,987000,4.1441,984000,4.0549,983000,37.8611,981000,10.7055,980000,11.1,974000,7.3045
25326613,991000,13.7913,990000,59.7069,989000,3,988000,3.089,987000,6.6441,984000,6.7159,983000,7.878,981000,37.6199,980000,11.1,974000,7.3047
25326614,991000,13.7913,990000,59.7069,989000,3,988000,3.089,987000,4.1441,984000,6.7159,983000,7.878,981000,37.2504,980000,10,974000,7.3047
25326615,991000,13.7913,990000,59.7069,989000,3,988000,13.3443,987000,1.2041,984000,3.3048,983000,7.878,981000,41.162,980000,10.0203,975000,3.3086
25326616,991000,13.7913,990000,59.7069,989000,3,988000,10.4043,987000,1.2041,984000,4.7166,983000,7.878,982000,0.0203,981000,38.162,980000,10
25326617,991000,13.7913,990000,67.5708,989000,3,988000,10.4043,987000,1.2041,984000,10.0641,983000,7.878,982000,1.0024,981000,13.1594,980000,10.0203
25326618,992000,41.4913,991000,13.7913,990000,60.7838,988000,6.029,987000,15.9456,984000,4.1982,983000,7.878,982000,26.0125,981000,13.1594,980000,10
25326619,992000,40.857,991000,13.7913,990000,65.9575,988000,6.029,987000,15.9456,984000,11.4477,982000,25.9922,981000,13.1594,980000,10.0203,976000,7.3464
25326620,991000,13.7913,990000,67.8847,989000,2.94,988000,3.089,987000,15.9456,984000,9.1437,982000,1.0022,981000,13.1594,980000,10.0203,976000,7.3464
25326621,991000,13.7913,990000,66.4699,989000,2.94,988000,3.089,987000,15.9456,984000,5,982000,1.0225,981000,13.1594,980000,10,976000,3.3464
25326623,991000,14.7913,990000,65.4699,989000,2.94,988000,3.089,987000,18.7497,984000,11.9939,982000,27.3381,981000,13.1594,980000,10,976000,3.3457
25326624,991000,13.7913,990000,67.4232,989000,2.94,988000,3.089,987000,4.4288,984000,14.7333,982000,20.0003,981000,13.1594,980000,10,976000,2.94
25326625,992000,38.4913,991000,13.7913,990000,65.9314,988000,6.029,987000,1.2833,985000,21.4577,984000,28,982000,1.0228,981000,13.1594,980000,10
25326626,992000,38.4913,991000,13.7913,990000,73.7392,988000,6.029,987000,0.6092,985000,23.6172,984000,13.403,981000,13.1797,980000,10,976000,0.39
25326627,992000,40.857,991000,13.7913,990000,84.3409,988000,6.029,987000,1.5623,985000,15.7323,984000,13.403,981000,13.5532,980000,10.0203,975000,2.94
25326628,992000,40.857,991000,13.7913,990000,57.3509,988000,6.029,987000,2.5623,985000,15.8939,984000,13.403,981000,14.1839,980000,10.3814,975000,2.94
25326629,992000,40.857,991000,14.7913,990000,56.3509,988000,6.029,987000,10.8712,985000,8.0761,984000,13.224,981000,8.5802,980000,10.3814,975000,2.94
25326630,992000,41.857,991000,13.7913,990000,57.4877,989000,2.94,988000,2.0718,987000,3.9275,986000,8.4368,985000,7.835,984000,5.0203,983000,2.8026
25326631,992000,41.857,991000,13.7913,990000,57.4877,989000,7.64,988000,2.7506,987000,3.9275,984000,18.0234,983000,2.8026,981000,0.3859,980000,10
25326632,993000,0.8865,992000,40.857,991000,13.7913,990000,58.4877,989000,7.64,988000,0.0178,986000,15.9981,985000,5,984000,5,983000,1.4203
25326633,992000,40.857,991000,13.7913,990000,58.4877,989000,5.5945,988000,0.8827,986000,11.0577,985000,5,984000,5,983000,12.7462,981000,0.0203
25326634,993000,0.2522,992000,40.857,991000,14.8013,990000,57.4877,989000,4.94,986000,37.4537,985000,13.242,984000,5,983000,13.411,982000,0.0203
25326635,994000,19.3268,993000,0.2522,992000,41.857,991000,13.8013,990000,61.0822,989000,0.0274,986000,43.6365,985000,5,984000,14.7367,982000,2.4
25326636,994000,21.6925,993000,1.2522,992000,37.857,991000,13.8013,990000,63.338,986000,40.7834,985000,10,984000,17.3326,982000,2.7804,980000,10.0203
25326637,994000,21.6925,993000,0.2522,992000,37.857,991000,13.8013,990000,65.5151,986000,34.4642,985000,18.388,984000,16.5355,983000,1.1,982000,1.4735
25326638,994000,21.6925,993000,1.2522,992000,37.857,991000,13.8013,990000,65.5151,986000,44.378,985000,5,984000,15.1426,982000,1.4735,981000,0.0203
25326639,994000,18.6925,993000,0.2522,992000,41.857,991000,13.8013,990000,65.5151,987000,10.0316,986000,37.523,985000,5.0526,984000,12.6608,982000,0.372
25326640,994000,22.6925,993000,0.2522,992000,37.857,991000,13.8013,990000,63.2297,987000,15.5025,986000,30.386,985000,5.0526,984000,11.6579,982000,0.0203
25326641,994000,22.6925,993000,0.2522,992000,37.857,991000,16.7413,990000,62.5751,987000,18.995,986000,25.7371,985000,6.055,984000,11.4255,981000,0.3922
25326642,994000,18.6925,993000,0.2522,992000,38.857,991000,16.7413,990000,47.7115,989000,10,988000,30.974,987000,3.6441,986000,5,985000,5.0526
25326643,995000,16.7373,994000,18.6925,993000,0.2522,992000,40.797,991000,13.5548,990000,3.9822,989000,13.7208,988000,30.974,986000,7.3016,985000,8.8258
25326644,996000,78.831,995000,16.7373,994000,18.6925,993000,0.2522,992000,40.797,991000,0.7362,990000,5.3823,989000,14.7208,988000,23,986000,12.1477
25326645,996000,75.831,995000,16.7373,994000,18.6925,993000,3.1922,992000,33.3934,991000,8.6754,990000,2.7477,989000,10,988000,23,986000,11.8679
25326646,997000,12.3184,996000,75.831,995000,16.7373,994000,21.5771,993000,3.1922,992000,0.3504,991000,10.6275,990000,11.7867,989000,10,988000,24.3
25326647,997000,12.3184,996000,75.1967,995000,13.6219,994000,8.5717,993000,1.5438,992000,5.9585,991000,35.8064,990000,12.5228,989000,10,988000,7.2111
25326648,998000,4.1794,997000,12.3184,996000,77.9366,995000,13.6219,994000,8.9844,993000,0.3018,992000,0.0822,991000,26.9976,990000,11.5228,989000,1.1
25326649,1000000,50.9744,999000,32.0157,998000,4.1794,997000,12.3184,996000,53.9251,995000,0.1071,992000,35.8216,991000,4.9999,990000,25.4258,989000,2.4
25326650,1000000,53.9144,999000,28.0757,998000,4.1794,997000,13.3184,996000,64.2653,995000,4.8147,992000,22.0649,991000,10.6615,990000,11.5228,986000,6.4495
25326651,1000000,53.9144,999000,28.0757,998000,4.1794,997000,13.4506,996000,67.54,995000,8.8032,994000,30.867,992000,5.4117,991000,6.4177,990000,14.7207
25326652,1000000,53.2801,999000,29.0757,998000,4.1794,997000,12.4506,996000,49.6928,995000,26.5635,994000,30.867,992000,6.7117,991000,10.8983,990000,11.5429
25326653,1000000,51.3401,999000,28.0757,998000,5.0478,997000,12.4506,996000,37.6175,995000,19.8335,994000,30.867,992000,2.3363,991000,9.2992,990000,11.5429
25326654,1000000,50.3401,999000,28.9441,998000,4.1794,997000,12.4506,996000,38.3468,995000,16.0663,992000,33.0853,991000,3.9976,990000,17.6539,989000,0.0201
25326655,1000000,50.3401,999000,26.9641,998000,4.1794,997000,12.4506,996000,37.4774,995000,9.576,993000,57.8695,992000,1.0363,991000,9.3275,990000,13.9228
25326656,1000000,51.3401,999000,23.9641,998000,4.1794,997000,12.4506,996000,34.1729,995000,37.0887,992000,2.7394,991000,9.3275,990000,28.8423,986000,5.4321
25326658,1000000,51.3401,999000,23.0957,998000,7.9101,997000,13.1868,996000,37.078,995000,13.0176,993000,43.7117,992000,8.8143,991000,8.7324,990000,30.1222
25326658,1000000,51.3401,999000,23.0957,998000,7.9101,997000,12.3384,996000,37.012,995000,13.1144,993000,51.5407,992000,1.0363,991000,5.0017,990000,31.2083
25326659,1000000,51.3401,999000,23.0957,998000,7.9101,997000,10.6284,996000,37.2458,995000,0.7768,993000,51.6397,992000,2.0395,991000,8.7324,990000,30.1423
25326660,999000,23.0957,998000,4.1794,997000,10.6284,996000,46.0991,994000,0.1,993000,43.8894,992000,6.4149,991000,5.0017,990000,43.4664,988000,0.0202
25326662,1000000,50.9744,999000,23.0957,998000,5.1794,997000,10.6284,996000,57.4453,991000,2.8176,990000,69.8818,989000,2.4,987000,0.0202,986000,8.3308
25326663,998000,5.1794,997000,10.6284,996000,44.6798,995000,1.98,994000,5.5215,991000,5,990000,59.0658,988000,1.3,987000,1.1202,986000,8.3073
25326664,997000,10.6284,996000,32.8476,995000,11.666,994000,6.7432,993000,8.8963,986000,8.9828,985000,28.0526,983000,0.3357,981000,2.4203,980000,14.4
25326665,996000,31.9458,995000,2.48,994000,2.0479,993000,30.58,992000,25.399,987000,4.7815,986000,8.2121,985000,13.8516,984000,0.0203,981000,4.3247
25326666,995000,3.18,994000,6.667,993000,0.6,992000,11.5122,991000,0.1,987000,40.1699,986000,5.8121,985000,12.8668,984000,2.2,981000,4
25326667,996000,37.4667,995000,3.18,993000,0.6,992000,0.1,991000,0.1988,989000,24.8524,988000,5,987000,8.414,986000,35.7423,985000,6.3526
25326668,996000,37.4767,995000,3.19,994000,0.01,993000,0.61,992000,0.11,990000,5.3441,989000,8.178,988000,7.7596,987000,1.1,986000,5.8323
25326669,997000,11.6742,996000,44.7324,995000,7.2467,994000,25.0082,993000,11.276,990000,25.7981,988000,32.3754,987000,2.2,986000,5.8323,985000,5.0526
25326670,997000,11.6742,996000,31.9558,995000,16.1004,994000,0.61,993000,5.01,990000,34.5602,989000,12.829,988000,1.3,987000,0.5202,986000,20.6563
25326671,997000,13.6384,996000,31.9558,995000,2.2467,994000,0.2099,993000,6.1749,991000,23,990000,5,989000,7.829,987000,7.7479,986000,8.5919
25326672,997000,10.6384,996000,32.9558,995000,2.2467,994000,0.2099,993000,4.1749,991000,23.4264,990000,5,988000,1.3,987000,6.4681,986000,8.5717
25326673,997000,14.3845,996000,32.9558,995000,28.2267,994000,0.2099,993000,7.0734,991000,18.1858,990000,5,987000,7.7479,986000,8.5919,985000,5.6129
25326674,997000,10.6384,996000,32.9558,995000,3.2467,994000,0.2099,993000,7.0734,991000,18.1858,990000,5,987000,8.3681,986000,8.5717,985000,5.6129
25326675,997000,10.6384,996000,32.9558,995000,26.2467,994000,0.2099,993000,6.0152,991000,22.2274,990000,5,987000,8.3681,986000,5.8121,985000,5.6129
25326676,996000,33.5626,995000,24.2467,994000,0.2099,993000,1.3381,992000,8.6002,991000,0.17,987000,1.0231,986000,36.6581,985000,10.452,984000,5.8448
25326677,995000,3.2467,994000,0.2099,993000,0.51,992000,1.8401,991000,22.9749,987000,2.4799,986000,5.8121,985000,23.8628,984000,6.8651,980000,10.4
25326678,995000,2.2467,994000,21.1899,993000,0.51,992000,1.8401,991000,11.7911,987000,31.2371,986000,10.8121,985000,5.6129,984000,6.8651,980000,11.9306
25326679,995000,3.2825,994000,11.4779,993000,23.49,992000,4.2006,991000,3.4965,988000,5,987000,30.762,986000,2.8721,985000,8.5529,984000,6.8651
25326680,996000,31.9558,995000,3.2467,994000,2.556,993000,50.8654,991000,7.716,988000,6.0941,987000,51.757,986000,2.8721,985000,9.8529,984000,5.5448
25326681,995000,3.2825,994000,0.2099,993000,4.51,991000,5.9925,988000,8.4449,985000,8.5529,984000,9.4448,983000,10.7811,981000,2.4203,980000,11.9306
25326682,994000,1.2457,993000,3.51,991000,15.3434,990000,8.356,989000,5.6185,985000,11.0579,984000,32.4448,983000,2.94,981000,2.4203,980000,11.9306
25326683,995000,2.2467,994000,0.2099,993000,3.51,991000,3.6464,990000,7.268,985000,10.6863,984000,4.4448,983000,21.7451,982000,0.0203,980000,11.9306
25326684,994000,4.1857,993000,4.51,991000,24.4164,990000,4.3753,989000,8.5268,985000,15.6013,984000,30.4248,982000,18.0319,981000,2.9603,980000,11.9306
25326685,994000,4.0858,993000,3.51,991000,4.6464,989000,7.834,988000,14.8685,985000,10.4406,984000,4.4448,982000,5,981000,15.3452,980000,11.9509
25326686,994000,3.05,993000,4.5458,991000,3.6464,988000,46.5319,986000,0.3508,982000,7.8364,981000,10.7383,980000,30.2995,979000,2.594,978000,1.209
25326687,992000,10,991000,7.6822,988000,1,987000,31.773,986000,2.9088,981000,11.6059,980000,19.7276,979000,0.2144,978000,26.865,977000,22.5659
25326688,993000,0.51,992000,10,991000,7.6822,987000,39.799,985000,10.9831,981000,3.029,980000,25.1516,979000,0.2144,978000,1.209,977000,24.9659
25326689,993000,0.51,992000,10,991000,6.4965,987000,41.779,986000,12.6115,982000,3.6364,981000,36.868,980000,33.4203,979000,0.194,978000,1.209
25326690,993000,0.51,992000,10,991000,16.2955,987000,3,986000,8.6452,983000,9.9261,982000,110.2894,981000,2.94,980000,12.8203,978000,2.7427
25326691,993000,1.5458,992000,10,991000,8.819,990000,8.24,987000,12.3695,984000,2.6872,982000,0.4568,981000,2.94,980000,12.8,979000,0.0204
25326692,992000,10,991000,15.2929,989000,23,988000,8.284,987000,15.3105,984000,69.0582,981000,17.065,980000,10.4,979000,2.4204,978000,2.7427
25326693,993000,1.5458,992000,11,991000,5.6491,988000,7.81,987000,17.8295,985000,0.224,984000,93.9752,981000,3.4603,980000,10.4,979000,2.4
25326694,992000,15.0557,991000,3.6465,989000,23,987000,17.0406,986000,7.5001,985000,0.224,984000,94.5153,981000,3.44,980000,10.4,979000,2.4204
25326695,992000,10,991000,10.8066,987000,28.1911,986000,13.5475,985000,0.9485,981000,26.44,980000,10.4,979000,2.4,978000,2.7631,977000,22.5659
25326696,994000,0.11,993000,3.45,991000,23.8341,987000,13.4671,986000,13.1632,981000,8.6373,980000,81.9513,978000,5.1631,977000,22.5659,976000,30.5954
