25316100,1079000,13.3806,1078000,5.4745,1076000,38.3782,1075000,2.7919,1074000,0.5,1073000,0.26,1070000,30.9498,1069000,1.5063,1068000,4.9319,1067000,0.0186
25316101,1078000,5.4745,1077000,24,1076000,14.433,1075000,25.7919,1074000,0.5,1070000,12.3261,1069000,2.7063,1068000,3.7505,1066000,0.7312,1065000,19.0819
25316102,1079000,13.3806,1078000,3.7195,1076000,14.433,1075000,15.1533,1074000,5.4401,1069000,8.477,1068000,7.0955,1067000,0.0186,1066000,0.8003,1065000,13.5509
25316103,1079000,13.3806,1078000,2.7195,1076000,14.433,1075000,8.088,1074000,27.4401,1071000,0.2,1070000,5.8027,1069000,1.5159,1068000,31.93,1067000,0.0186
25316104,1080000,27.5062,1079000,13.3806,1078000,3.4745,1076000,14.433,1075000,36.088,1074000,4.1644,1073000,12.4984,1071000,0.2,1070000,3.1639,1069000,1.7159
25316106,1079000,14.3806,1078000,2.7195,1076000,14.433,1075000,52.037,1074000,1.4664,1071000,2.39,1070000,2.4271,1069000,3.3159,1068000,2.3486,1066000,1.2253
25316106,1080000,27.1049,1079000,13.3806,1078000,3.4745,1076000,11.493,1075000,28.2681,1071000,1.433,1070000,11.653,1069000,1.7159,1068000,3.93,1067000,0.0186
25316107,1079000,14.1356,1078000,3.7195,1076000,11.493,1075000,26.4247,1074000,0.8434,1071000,6.2793,1070000,11.653,1069000,25.6,1068000,6.43,1066000,0.8189
25316108,1078000,3.7195,1076000,11.493,1075000,0.4847,1074000,33.56,1073000,1.0911,1071000,6.1615,1070000,11.653,1069000,1.6,1068000,6.43,1067000,0.2
25316109,1076000,12.493,1075000,0.4847,1074000,25.94,1073000,1,1072000,5.9324,1071000,6.1615,1070000,6.4168,1069000,1.6,1068000,5.5,1067000,1.2043
25316110,1076000,12.493,1075000,0.4847,1074000,2.94,1073000,1,1072000,4.0628,1071000,5.0285,1070000,6.4168,1069000,1.7,1068000,5.6,1067000,1.2229
25316112,1080000,28.8599,1079000,13.3806,1078000,23.3501,1076000,11.493,1075000,3.4247,1074000,7.8755,1072000,21.4678,1071000,12.7327,1070000,9.0176,1069000,2.6477
25316112,1081000,0.81,1080000,27.3499,1079000,13.3806,1078000,3.6869,1076000,6.3329,1075000,4.6257,1072000,4.4918,1071000,12.5512,1070000,9.835,1069000,2.6291
25316113,1081000,0.81,1080000,26.3499,1079000,13.3806,1078000,2.7195,1077000,2.94,1076000,0.7013,1075000,35.3277,1073000,4.1017,1072000,0.3155,1071000,9.7512
25316115,1081000,0.81,1080000,26.2499,1079000,16.1001,1078000,10,1076000,4.0451,1075000,0.5785,1074000,0.41,1073000,7.6627,1072000,3.1155,1071000,9.7512
25316115,1080000,28.1178,1079000,16.1001,1078000,2.1987,1077000,1,1076000,4.0451,1073000,36.8134,1072000,3.1155,1071000,9.7512,1070000,1.5264,1069000,3.0157
25316116,1081000,0.81,1080000,28.1178,1079000,16.1001,1078000,19.3572,1077000,6.7556,1073000,4.3921,1072000,3.134,1071000,35.7127,1070000,1.5264,1069000,3.0157
25316118,1082000,17.3465,1081000,0.81,1080000,29.3375,1079000,16.2101,1078000,23.1729,1075000,2.8629,1074000,18.2657,1073000,2.0885,1072000,1.4185,1071000,10.7348
25316119,1085000,37.1039,1083000,6.031,1082000,17.4908,1081000,3.75,1080000,26.9696,1079000,10,1077000,15.2406,1076000,3.1,1075000,28.18,1074000,9.0752
25316119,1083000,6.031,1082000,20.4308,1081000,0.8,1080000,29.7926,1079000,18.8873,1078000,0.4245,1077000,0.21,1076000,0.3,1075000,7.7,1074000,11.9213
25316120,1085000,37.1039,1083000,6.031,1082000,18.9308,1081000,1.8,1080000,55.2084,1076000,4.6764,1075000,26.18,1074000,11.9028,1073000,14.842,1072000,3
25316122,1085000,37.1039,1083000,6.031,1082000,16.9908,1081000,0.8,1080000,27.9039,1076000,7.4209,1075000,46.4117,1074000,9.0567,1073000,17.0262,1072000,1.8185
25316123,1085000,36.2482,1083000,6.031,1082000,16.9908,1081000,3.74,1080000,40.3961,1076000,3.4007,1075000,25.7981,1074000,9.0567,1073000,15.8262,1072000,3.0185
25316124,1085000,37.1039,1083000,6.031,1082000,16.9908,1081000,3.74,1080000,30.8278,1076000,21.3488,1075000,27.1854,1074000,13.9567,1073000,2.8447,1072000,0.3
25316125,1083000,7.031,1082000,15.9908,1081000,5.2469,1080000,31.7242,1079000,2.5516,1076000,15.8471,1075000,24.409,1074000,13.3593,1073000,1.8421,1072000,0.3
25316126,1083000,6.9984,1082000,15.9908,1081000,5.2469,1080000,29.4391,1079000,15.8062,1077000,10.1369,1076000,13.2902,1075000,20.309,1074000,12.1592,1073000,3.0185
25316127,1082000,16.9908,1081000,2.3069,1080000,27.8621,1079000,31.8389,1078000,7.6526,1076000,10.8513,1075000,20.309,1074000,9.1567,1073000,2.4034,1072000,0.3
25316128,1082000,16.9908,1081000,1.7674,1080000,27.8621,1079000,36.0613,1078000,11.5606,1075000,20.25,1074000,9.1567,1073000,2.4034,1072000,0.3,1071000,9.7327
25316129,1082000,16.9908,1081000,1.7674,1080000,27.3621,1079000,7.9243,1078000,3.1946,1075000,0.3,1074000,9.1567,1073000,2.4034,1072000,26.6351,1071000,12.3327
25316130,1080000,27.3621,1079000,8.9243,1078000,1.9976,1077000,54.3763,1076000,0.083,1075000,2.0589,1074000,12.7402,1073000,1.4,1072000,0.3,1071000,12.5327
25316131,1081000,1.7674,1080000,27.3621,1079000,37.674,1078000,4.3763,1076000,0.073,1075000,0.2629,1074000,13.7402,1073000,0.4,1072000,0.3,1071000,9.7327
25316132,1082000,30.7893,1081000,0.8,1080000,27.3621,1079000,25.718,1078000,2.1918,1074000,7.5073,1073000,0.4,1072000,0.3,1071000,9.7327,1070000,4.5406
25316133,1082000,30.7893,1081000,0.8,1080000,27.3621,1079000,25.718,1078000,4.9345,1073000,1.564,1072000,0.3,1071000,9.7327,1070000,35.2533,1069000,0.4
25316134,1080000,27.3622,1079000,2.8134,1078000,1.1266,1077000,9.5154,1074000,26.3396,1071000,8.0324,1070000,11.1691,1069000,3.2,1068000,0.4186,1067000,32.4079
25316135,1080000,27.3622,1079000,2.8134,1078000,1.1166,1077000,9.5154,1074000,37.1632,1071000,8.4719,1070000,34.3691,1069000,3.2,1068000,0.4186,1067000,32.4051
25316136,1080000,33.5123,1079000,2.9577,1077000,7.3163,1075000,1.1991,1074000,29.4977,1073000,3.3539,1071000,8.4719,1070000,35.3705,1069000,3.2,1068000,0.4186
25316137,1080000,33.6566,1079000,2.9577,1077000,2.94,1075000,1.1991,1074000,30.1279,1071000,18.4908,1070000,36.3712,1069000,1.6,1068000,0.4186,1067000,31.4009
25316138,1081000,0.8,1080000,34.5123,1079000,2.0743,1077000,7.3163,1074000,26.2589,1071000,18.4908,1070000,35.37,1069000,3.2,1068000,0.4186,1067000,31.4009
25316139,1081000,0.8,1080000,34.5123,1079000,2.0743,1077000,7.3163,1074000,31.2549,1072000,31.4398,1071000,18.4719,1070000,12.3886,1069000,3.2,1068000,0.4
25316140,1081000,0.8,1080000,28.2179,1079000,5.4422,1077000,7.3163,1074000,29.4734,1072000,0.3188,1071000,18.5719,1070000,16.573,1069000,4.2028,1068000,0.4
25316141,1080000,27.3622,1079000,6.4422,1077000,7.3163,1075000,1.1991,1074000,30.6095,1072000,3.5487,1071000,18.4719,1070000,16.5729,1069000,2.6028,1068000,0.4
25316142,1081000,0.8,1080000,27.3622,1079000,6.2979,1075000,4.1391,1074000,34.6208,1071000,4.3719,1070000,1.8364,1069000,0.4,1068000,0.4,1067000,34.2009
25316143,1080000,27.3622,1079000,6.2979,1075000,1.1991,1074000,30.6095,1071000,74.9189,1070000,1.4733,1069000,0.4,1068000,0.4,1067000,31.4209,1066000,6.2168
25316144,1079000,5.4422,1075000,3.0548,1074000,34.9858,1071000,2.94,1069000,0.0185,1067000,31.4209,1066000,5.9696,1065000,31.8403,1064000,0.6776,1063000,196.3088
25316145,1075000,3.0548,1074000,30.6095,1073000,5.2944,1072000,32.94,1071000,4.4562,1067000,38.4098,1066000,5.9696,1065000,31.8403,1064000,0.6963,1063000,196.3088
25316146,1078000,1,1075000,1.1991,1074000,32.514,1071000,0.1166,1070000,1.0719,1067000,59.6614,1066000,1.2053,1065000,6.8666,1064000,0.6963,1063000,196.5817
25316147,1075000,1.1991,1074000,36.6184,1072000,33.4483,1071000,2.94,1070000,4.9516,1067000,59.6614,1066000,1.2053,1065000,6.8666,1064000,0.6776,1063000,196.6004
25316148,1079000,5.2979,1075000,1.1991,1074000,36.6184,1071000,2.94,1070000,1.4798,1067000,55.0173,1066000,1.2053,1065000,5.0685,1064000,3.4776,1063000,196.3275
25316149,1070000,5.6571,1069000,21.99,1068000,8.413,1067000,8.6344,1066000,2.1415,1065000,3.4752,1064000,0.6776,1063000,196.3088,1062000,2.1661,1061000,1.3
25316150,1070000,7.4595,1069000,2.94,1067000,4.2581,1066000,0.22,1065000,0.0506,1064000,0.093,1063000,212.3123,1062000,0.3,1061000,1.3,1060000,19.2181
25316151,1079000,4.6554,1075000,12.1991,1074000,21.059,1070000,0.5956,1069000,11.237,1066000,4.7683,1065000,15.1409,1063000,207.3102,1062000,0.3,1061000,1.5256
25316152,1079000,15.4422,1075000,1.1991,1074000,21.059,1070000,7.1259,1069000,6.1276,1065000,4.8951,1063000,237.797,1062000,1.9,1061000,2.7256,1060000,19.4531
25316153,1079000,15.4422,1075000,1.1991,1074000,21.059,1070000,0.2324,1069000,23.9496,1065000,9.2421,1063000,244.6914,1062000,0.3187,1061000,2.5,1060000,19.2142
25316154,1070000,0.2324,1069000,2.2756,1067000,2.94,1066000,1.6843,1065000,18.2385,1063000,204.8305,1062000,0.3,1061000,4.1,1060000,19.0045,1059000,6.9574
25316155,1069000,4.1435,1068000,2.94,1066000,1,1065000,9.8145,1064000,22.554,1063000,225.2723,1062000,8.016,1061000,1.3,1060000,21.8045,1059000,7.9574
25316156,1075000,12.1991,1074000,3.0656,1070000,0.2324,1069000,1.8679,1066000,4.0995,1065000,0.144,1064000,7.6754,1063000,202.2658,1062000,23.3,1061000,2.5
25316157,1075000,13.1884,1074000,3.0656,1073000,1.8679,1070000,22.2987,1066000,2.94,1065000,5.3188,1064000,12.5223,1063000,195.3553,1062000,0.3,1061000,2.5187
25316158,1075000,13.1884,1074000,2.0656,1073000,2.8679,1070000,22.2987,1067000,6.6666,1066000,0.1,1065000,0.1289,1064000,4.4723,1063000,195.3553,1062000,0.3
25316159,1075000,13.1884,1074000,2.0656,1073000,2.8679,1070000,4.6087,1067000,2.94,1064000,2.0656,1063000,203.2403,1062000,1.9,1061000,2.5187,1060000,18.9858
25316160,1077000,0.02,1075000,13.1884,1074000,2.0656,1073000,2.8679,1070000,8.4327,1064000,8.8413,1063000,195.3553,1062000,0.3187,1061000,1.3,1060000,18.9858
25316161,1083000,7.031,1082000,29.9336,1081000,0.8,1080000,27.3622,1079000,8.389,1064000,21.2364,1063000,195.374,1062000,0.3,1061000,1.3,1060000,18.9858
25316162,1079000,7.399,1078000,6.6096,1077000,4.5333,1076000,1.1252,1074000,1,1071000,7.6255,1064000,13.6404,1063000,195.3553,1062000,0.3,1061000,1.3
25316163,1078000,4.3337,1076000,2.1252,1074000,6.1819,1072000,4.0957,1071000,12.3655,1066000,6.8649,1065000,29.59,1064000,2.0341,1063000,196.3173,1062000,0.3
25316164,1078000,4.3337,1076000,7.1252,1074000,6.1819,1072000,4.0957,1071000,5.5931,1068000,22.8429,1067000,27.0794,1066000,1.0806,1064000,12.6507,1063000,196.3173
25316165,1079000,1.8,1078000,5.3328,1076000,2.1252,1072000,2.94,1070000,1.4916,1069000,0.4272,1068000,0.2,1067000,3.3894,1066000,1.2575,1065000,0.0186
25316166,1079000,1.8,1078000,8.3328,1076000,2.1252,1072000,14.3334,1070000,5.5192,1067000,8.8978,1066000,10.5883,1064000,13.9507,1063000,195.8021,1062000,0.3
25316167,1080000,30.0503,1079000,1.8,1078000,5.3328,1076000,2.1252,1072000,9.8396,1069000,1.1755,1067000,8.8978,1066000,2.8603,1065000,0.2186,1064000,13.9507
25316168,1079000,12.8,1078000,6.3328,1076000,1.1252,1075000,21,1072000,21.945,1067000,1.4189,1066000,0.2576,1065000,0.6376,1064000,15.5507,1063000,195.474
25316169,1078000,4.6087,1076000,1.1252,1072000,8.4652,1071000,40.0954,1070000,4.4765,1067000,1.4089,1066000,0.2576,1065000,0.6376,1064000,14.5694,1063000,196.461
25316170,1078000,4.6087,1076000,1.1252,1072000,9.4652,1071000,6.8996,1070000,14.0307,1067000,1.4089,1066000,4.2788,1065000,0.6562,1064000,12.7507,1063000,196.4587
25316172,1078000,4.6087,1076000,2.9826,1072000,8.4652,1071000,2.94,1070000,23.7078,1066000,0.0001,1064000,2.773,1063000,196.4786,1062000,3.1,1061000,1.8
25316172,1071000,2.94,1070000,14.3904,1069000,3.6326,1068000,9.582,1065000,0.4842,1064000,1.3154,1063000,196.4586,1062000,3.1,1061000,1.8187,1060000,19.2138
25316173,1079000,1.8,1078000,0.9991,1076000,14.1164,1072000,0.0841,1070000,17.8809,1063000,197.1276,1062000,0.3,1061000,1.8,1060000,16.9858,1059000,10.8574
25316174,1075000,11.9912,1072000,0.0841,1070000,5.2498,1068000,9.5821,1067000,28.92,1063000,188.5554,1062000,0.3,1061000,1.8,1060000,16.9858,1059000,10.2762
25316175,1075000,12.9912,1072000,0.0841,1070000,7.8232,1068000,9.5821,1067000,31.9533,1063000,192.9718,1062000,0.3,1061000,1.8,1060000,19.4858,1059000,8.0574
25316177,1076000,1.1252,1075000,12.9912,1072000,0.0841,1070000,17.1874,1066000,2.94,1063000,182.7762,1062000,0.3,1061000,0.8,1060000,16.9858,1059000,10.8574
25316177,1072000,0.0841,1071000,2,1070000,22.0902,1068000,14.3763,1067000,5.94,1063000,185.5361,1062000,0.3,1061000,0.8,1060000,18.1132,1059000,10.8762
25316178,1075000,4.2412,1072000,0.0841,1071000,13,1070000,4.1002,1067000,141.8742,1063000,187.5538,1062000,0.3,1061000,0.8,1060000,18.9132,1059000,9.2574
25316180,1070000,4.1002,1069000,0.3632,1067000,25.9688,1066000,4.3762,1065000,5.3792,1063000,62.2286,1062000,0.3,1061000,0.8,1060000,18.1132,1059000,10.8574
25316181,1071000,2.9912,1070000,4.1002,1069000,12.3632,1067000,43.2962,1064000,11.7929,1063000,31.2099,1062000,0.3,1061000,0.8,1060000,18.1132,1059000,8.0574
25316182,1070000,4.1002,1069000,12.3632,1067000,10,1066000,6.6672,1064000,1,1063000,1.4494,1062000,0.3,1061000,0.8,1060000,18.1132,1059000,8.0762
25316183,1069000,12.3632,1067000,10,1066000,6.6672,1064000,11,1063000,2.5318,1060000,19.7894,1059000,8.0762,1058000,10.9,1057000,24.8608,1056000,2.6094
25316184,1070000,24.1002,1069000,12,1067000,10,1066000,6.6672,1064000,2.6905,1063000,6.8653,1061000,24.48,1060000,23.4132,1059000,8.0762,1058000,9.31
25316185,1071000,2,1070000,25.1002,1068000,2.94,1067000,12.7272,1066000,1,1064000,3.1,1063000,0.3,1062000,4.4762,1061000,0.3,1060000,22.2132
25316186,1071000,2,1070000,26.3108,1068000,2.94,1067000,10,1066000,1,1064000,0.1,1063000,4.2213,1062000,1.4,1061000,27.29,1060000,23.747
25316187,1076000,1.1252,1075000,14.2412,1071000,2,1070000,26.3108,1067000,16.4977,1064000,3.5498,1063000,0.8,1062000,3,1061000,5.3,1060000,24.159
25316188,1071000,2,1070000,25.1002,1067000,10,1066000,30.9475,1064000,5.6796,1063000,0.8,1062000,0.2,1061000,6.7,1060000,22.2132,1059000,8.0762
25316189,1071000,2,1070000,26.0914,1067000,10,1066000,2.94,1064000,1.1627,1062000,4.3762,1061000,4.1151,1060000,40.8612,1059000,10.8574,1058000,9.31
25316190,1071000,2,1070000,26.0914,1067000,12.94,1066000,2.7272,1064000,1.4309,1061000,24.7,1060000,9.4132,1059000,10.8762,1058000,9.31,1057000,24.8097
25316191,1071000,13,1070000,27.0685,1067000,39.94,1065000,14.14,1064000,0.4309,1061000,1.758,1060000,21.8024,1059000,10.8574,1058000,9.3288,1057000,24.8097
25316192,1075000,2.25,1071000,13,1070000,26.0914,1068000,2.4749,1064000,5.6672,1060000,4.968,1058000,37.31,1057000,27.6097,1056000,2.6282,1055000,5.2878
25316193,1075000,2.25,1071000,13,1070000,27.0685,1066000,4.225,1064000,2.94,1060000,4.968,1058000,33.31,1057000,27.6893,1056000,2.6094,1055000,5.3066
25316194,1075000,2.25,1071000,119,1070000,22.0914,1065000,1.2171,1064000,21.165,1058000,13.1884,1057000,37.1882,1056000,5.4094,1055000,5.3066,1054000,10.248
25316195,1070000,21.0914,1067000,1,1065000,1.2171,1064000,17.4378,1063000,26.9571,1058000,13.1884,1057000,24.8893,1056000,2.6094,1055000,10.0307,1054000,10.248
25316196,1071000,119,1070000,21.0914,1065000,0.24,1064000,15.94,1062000,3.2299,1058000,13.1884,1057000,24.8893,1056000,2.6282,1055000,10.0119,1054000,10.248
25316197,1071000,119,1070000,47.8458,1065000,0.24,1064000,7.6672,1062000,3.2299,1058000,14.2099,1057000,26.0893,1056000,2.6094,1055000,8.8307,1054000,10.248
25316198,1071000,119,1070000,47.8458,1065000,0.24,1064000,7.6672,1062000,4.7277,1058000,10.339,1057000,24.8893,1056000,2.6282,1055000,8.4119,1054000,10.248
25316199,1071000,119,1070000,56.5267,1065000,0.24,1064000,4.94,1062000,1.5252,1059000,5.0619,1058000,34.139,1057000,24.9081,1056000,2.6094,1055000,7.2119
25316200,1071000,119,1070000,56.5267,1065000,0.24,1064000,7.6672,1062000,3.9439,1060000,4.0713,1058000,10.339,1057000,27.7081,1056000,2.6094,1055000,7.2119
25316201,1071000,2,1070000,43.7723,1065000,0.24,1064000,4.94,1062000,5.7261,1060000,7.2775,1058000,10.3578,1057000,27.6893,1056000,2.6094,1055000,7.2119
25316202,1071000,2,1070000,42.7811,1065000,0.24,1064000,4.94,1062000,3.7387,1060000,3.4525,1058000,10.339,1057000,25.6893,1056000,2.6282,1055000,7.2119
25316203,1071000,2,1070000,43.7723,1065000,0.24,1064000,4.94,1062000,2.3803,1060000,3.4815,1059000,8.284,1058000,34.939,1057000,24.1081,1056000,2.6094
25316204,1075000,3.2271,1071000,2,1070000,44.1573,1065000,0.24,1064000,4.1465,1060000,37.0495,1058000,11.9578,1057000,24.0893,1056000,2.6094,1055000,7.2119
25316205,1075000,2.25,1071000,2.9912,1070000,45.1573,1065000,0.24,1064000,4.1465,1061000,35.7308,1060000,32.7005,1059000,0.0188,1058000,10.339,1057000,28.2999
25316206,1073000,0.5,1071000,2,1070000,45.1573,1065000,0.24,1064000,0.0935,1062000,5.6546,1061000,7.896,1060000,32.4905,1058000,13.1578,1057000,30.2203
25316207,1072000,11.9912,1071000,2,1070000,79.7811,1065000,5.7802,1064000,0.0935,1062000,2.7176,1060000,3.5105,1058000,8.0578,1057000,27.1888,1056000,2.6094
25316208,1071000,2,1070000,78.7811,1065000,0.24,1064000,4.3225,1063000,0.0525,1060000,6.3792,1058000,5.3578,1057000,24.8097,1056000,5.1094,1055000,5.2878
25316209,1073000,0.5,1071000,2,1070000,41.7723,1065000,0.24,1064000,19.7165,1060000,6.2601,1058000,5.339,1057000,27.6285,1056000,2.6094,1055000,5.2878
25316210,1071000,2,1070000,41.7723,1065000,0.24,1064000,3.0935,1063000,3.129,1060000,3.8105,1058000,5.339,1057000,27.6097,1056000,2.6282,1055000,5.2878
25316211,1070000,41.7723,1066000,22.98,1065000,0.24,1064000,3.0935,1063000,3.129,1060000,3.8236,1058000,5.339,1057000,24.8097,1056000,2.6094,1055000,8.1066
25316212,1071000,2,1070000,41.7723,1065000,0.24,1064000,3.0935,1063000,3.129,1060000,3.8236,1058000,5.339,1057000,24.8097,1056000,2.6282,1055000,8.0878
25316213,1070000,40.7723,1069000,1,1065000,0.24,1064000,4.8065,1063000,1.416,1060000,3.7028,1058000,5.339,1057000,24.8097,1056000,2.6094,1055000,8.1066
25316214,1071000,2,1070000,39.7811,1065000,0.24,1064000,3.0935,1063000,3.2788,1060000,2.4065,1058000,5.339,1057000,24.8097,1056000,2.6094,1055000,8.1066
25316215,1071000,2,1070000,41.7723,1064000,3.0935,1063000,3.129,1060000,3.6493,1058000,5.339,1057000,24.8097,1056000,4.2282,1055000,6.4878,1054000,10.248
25316216,1071000,2,1070000,41.7582,1064000,3.0935,1063000,2.0347,1062000,6.239,1058000,6.068,1057000,24.8097,1056000,4.2282,1055000,5.2878,1054000,10.248
25316217,1074000,3,1071000,16,1070000,56.7494,1064000,3.0935,1063000,3.7477,1059000,11.0812,1058000,6.568,1057000,32.8273,1056000,2.6282,1055000,5.2878
25316218,1072000,13.8036,1071000,16,1070000,56.7494,1064000,3.0935,1063000,3.7477,1059000,0.1502,1058000,5.368,1057000,35.6273,1056000,2.6094,1055000,5.3066
25316219,1072000,13.8036,1071000,16,1070000,57.7406,1064000,3.0935,1063000,5.0517,1059000,3.2502,1058000,8.1428,1057000,32.8273,1056000,5.4094,1055000,5.3066
25316220,1072000,24.8036,1071000,16,1070000,45.7635,1064000,3.0935,1063000,2.6247,1059000,5.3523,1058000,25.348,1057000,24.8285,1056000,5.4094,1055000,5.2878
25316221,1072000,24.8036,1071000,16,1070000,44.7723,1064000,3.0935,1063000,0.6397,1060000,13.2954,1059000,1.4502,1058000,5.368,1057000,24.8285,1056000,2.6094
25316222,1074000,14.9771,1071000,2,1070000,29.7723,1066000,4.966,1064000,7.4677,1060000,8.9422,1059000,1.4,1058000,28.4523,1057000,24.8097,1056000,14.6094
25316223,1071000,2,1070000,28.7811,1069000,1,1067000,12.358,1064000,7.4677,1061000,5,1060000,4.6328,1059000,0.2188,1058000,28.4335,1057000,24.8097
25316224,1075000,3.2271,1074000,18.9245,1071000,2,1070000,4.4147,1069000,44.7882,1061000,15.3788,1060000,3.2,1059000,0.3188,1058000,1.4335,1057000,24.8097
25316225,1074000,3,1071000,2.7245,1070000,4.4147,1069000,1,1068000,13.3502,1062000,31.3663,1061000,0.7,1060000,3.0012,1059000,0.3188,1058000,1.4335
25316226,1074000,4.7245,1071000,2,1070000,4.9147,1068000,27.1602,1067000,25.98,1062000,13.2573,1061000,31.48,1060000,0.4,1059000,0.3188,1058000,1.7541
25316227,1071000,2,1070000,7.9147,1068000,27.1602,1067000,11.31,1066000,1.18,1062000,9.3763,1061000,3.7014,1060000,24.2,1059000,0.3188,1058000,1.754
25316228,1074000,6.2245,1071000,2,1070000,5.9147,1068000,27.1602,1067000,0.1798,1062000,5.2,1061000,12.0411,1060000,3.2,1059000,0.3188,1058000,9.0822
25316229,1072000,2.2245,1071000,2,1070000,4.9147,1068000,26.9082,1066000,0.584,1062000,18.5993,1061000,32.7187,1060000,3.2,1059000,0.6239,1058000,8.7574
25316230,1071000,2,1070000,4.9147,1068000,4.9982,1067000,8.103,1065000,0.584,1063000,13.0582,1062000,6,1061000,2.7,1060000,3.2187,1059000,0.6239
25316231,1071000,2,1070000,4.9147,1068000,5.9982,1067000,13.81,1065000,0.4042,1063000,6.9001,1062000,9.3763,1061000,30.69,1060000,3.2187,1059000,1.3041
25316232,1072000,0.5,1071000,2,1070000,32.9047,1068000,4.9982,1067000,13.9898,1063000,10.8722,1061000,0.7,1060000,0.4,1059000,3.1,1058000,3.4523
25316233,1072000,1.2245,1071000,2,1070000,5.9147,1068000,7.9382,1067000,26.642,1061000,1.7023,1060000,8.8792,1059000,0.3,1058000,3.4335,1057000,24.3796
25316234,1071000,2,1070000,6.1396,1069000,3.44,1068000,4.9982,1067000,23.086,1062000,10.4,1061000,48.1133,1060000,0.4,1059000,3.1,1058000,4.4385
25316235,1072000,1.5,1071000,2.9771,1070000,8.3551,1069000,0.5,1068000,4.5441,1062000,46.3029,1061000,8.773,1060000,0.7459,1059000,0.3,1058000,3.4335
25316236,1075000,13.25,1074000,3,1073000,9.6809,1071000,4.6785,1070000,35.8,1062000,38.4893,1061000,1.9,1060000,2,1059000,0.6463,1058000,3.4335
25316237,1074000,3,1073000,9.6809,1071000,7.6185,1070000,4.9982,1069000,14.2987,1063000,13.2905,1062000,23.3663,1061000,1.9187,1060000,0.4,1059000,0.6275
25316238,1074000,3,1073000,9.6809,1071000,4.6785,1070000,4.9982,1069000,0.5064,1064000,15.2313,1062000,46.1271,1061000,2.2322,1060000,0.4,1059000,0.3
25316239,1075000,3.4745,1074000,3,1073000,17.6191,1071000,25.7385,1069000,0.5064,1064000,4.8876,1062000,22.4007,1061000,3.8135,1060000,0.4187,1059000,3.24
25316240,1074000,3,1073000,17.6191,1071000,1.7385,1070000,2.5296,1069000,8.7353,1064000,5.9117,1062000,10.6937,1061000,3.7928,1060000,3.34,1059000,0.3
25316241,1074000,3,1073000,38.392,1071000,1.7385,1070000,2.5296,1069000,0.5243,1064000,5.8876,1062000,9.0111,1061000,3.7741,1060000,3.3587,1059000,0.3
25316242,1073000,37.392,1072000,1,1071000,1.7385,1070000,2.5296,1069000,0.5422,1063000,4.8573,1062000,10.6411,1061000,27.8987,1060000,3.34,1059000,0.33
25316243,1071000,1.7385,1070000,2.5296,1069000,0.0535,1068000,22.009,1067000,7.85,1063000,1.0015,1062000,2.3507,1061000,0.7,1060000,5.033,1059000,0.33
25316244,1073000,8.6809,1072000,0.7245,1071000,1.7385,1069000,1.0535,1068000,22.009,1063000,0.9417,1062000,1.3748,1061000,0.7,1060000,6.3617,1059000,0.33
25316245,1074000,3,1073000,8.6809,1071000,2.463,1069000,1.5422,1068000,22.009,1063000,4.3876,1062000,2.3852,1061000,0.7,1060000,4.2218,1059000,0.33
25316246,1072000,3.6645,1071000,1.7385,1069000,0.0535,1067000,23.0886,1066000,0.4886,1063000,13.8996,1062000,1.7748,1061000,0.7,1060000,1.6187,1059000,0.33
25316247,1071000,1.7385,1069000,0.0535,1068000,8.041,1067000,20.559,1066000,0.4886,1063000,0.5,1062000,7.263,1061000,0.7,1060000,2.9187,1059000,0.33
25316248,1072000,4.6645,1071000,1.7385,1069000,0.0535,1068000,16.32,1067000,26.1532,1063000,0.5,1062000,6.7867,1061000,0.7,1060000,2.9187,1059000,0.33
25316249,1072000,2.94,1071000,22.463,1069000,0.0535,1068000,16.32,1067000,28.1418,1063000,0.5,1062000,5.7742,1061000,1.2,1060000,2.5695,1059000,0.33
25316250,1072000,2.94,1071000,22.463,1069000,16.3735,1068000,8.365,1067000,20.0588,1063000,0.5,1062000,5.7935,1061000,0.7,1060000,3.7508,1059000,12.3488
25316252,1072000,2.94,1071000,23.3297,1069000,0.0535,1067000,18.0876,1066000,5.8174,1061000,31.194,1060000,10.5391,1059000,1.6188,1058000,6.6534,1057000,36.6805
25316253,1072000,2.94,1071000,23.3297,1069000,0.0535,1067000,0.0174,1066000,19.8963,1060000,40.1315,1059000,1.4188,1058000,6.6534,1057000,36.6805,1056000,2.6394
25316254,1069000,0.0535,1068000,28.98,1067000,0.0174,1066000,22.0434,1065000,0.8,1061000,22.7412,1060000,1.5214,1059000,14,1058000,4.7335,1057000,24.6805
25316254,1070000,17.37,1069000,0.0535,1067000,0.0174,1066000,4.6734,1065000,0.8,1061000,18.8129,1060000,0.5,1059000,15.2188,1058000,6.4735,1057000,24.6804
25316256,1072000,2.94,1071000,22.3297,1069000,1.0535,1067000,0.0174,1066000,9.0496,1061000,12.4424,1060000,1.5013,1059000,0.4,1058000,6.4735,1057000,27.4804
25316257,1072000,3.5312,1071000,22.7385,1069000,0.0535,1067000,0.0174,1066000,9.0496,1061000,22.571,1060000,0.5,1059000,0.4,1058000,3.753,1057000,33.1408
25316258,1073000,8.6809,1071000,27.2697,1069000,0.0535,1067000,4.8222,1066000,0.8204,1065000,9.0274,1061000,21.5706,1060000,0.5187,1059000,0.4,1058000,6.3335
25316259,1072000,2.94,1071000,24.3297,1069000,0.0535,1067000,0.0174,1066000,5.1966,1061000,32.9873,1060000,0.5187,1059000,3.34,1058000,6.3335,1057000,24.6804
25316260,1072000,3.5312,1071000,24.6428,1069000,0.0535,1067000,0.0174,1066000,5.2142,1062000,14.0862,1061000,22.5706,1060000,0.5187,1059000,4.54,1058000,3.753
25316261,1072000,3.5312,1071000,22.7385,1069000,0.0535,1067000,0.0174,1066000,5.2142,1061000,30.3706,1060000,0.5187,1059000,3.34,1058000,3.753,1057000,24.4608
25316262,1072000,2.94,1071000,23.7385,1069000,0.0535,1067000,0.0174,1066000,0.838,1062000,14.2349,1061000,27.5713,1060000,0.7192,1059000,6.1588,1058000,3.5335
25316263,1072000,2.94,1071000,22.7385,1069000,0.0535,1067000,0.0174,1066000,5.2142,1061000,48.3196,1060000,0.7192,1059000,4.5588,1058000,3.5335,1057000,24.4608
25316264,1072000,0.5912,1071000,24.6428,1069000,0.0535,1067000,0.0174,1066000,5.3998,1061000,27.7233,1060000,2.1187,1059000,1.6,1058000,6.693,1057000,24.4608
25316265,1071000,23.7385,1070000,1.9043,1069000,0.0535,1067000,0.0174,1066000,4.4112,1061000,35.4389,1060000,2.1187,1059000,1.6,1058000,6.6929,1057000,24.4608
25316266,1073000,9.2721,1071000,25.6785,1069000,0.0535,1067000,0.0174,1066000,0.035,1062000,15.863,1061000,15.2729,1060000,2.1,1059000,1.8193,1058000,6.4735
25316267,1074000,3,1073000,9.2721,1072000,2.94,1071000,22.7692,1070000,11.3623,1063000,2.8516,1062000,1.109,1061000,16.4829,1060000,12.51,1059000,0.6293
25316268,1076000,14.3348,1075000,2.75,1074000,3,1073000,12.0787,1071000,23.8039,1064000,14.9094,1063000,13.4308,1062000,1.1295,1061000,15.2642,1060000,3.6862
25316269,1076000,1.1252,1075000,2.75,1074000,6.3978,1073000,9.6809,1071000,31.6539,1065000,3.1813,1064000,9.4461,1063000,5.8469,1062000,0.11,1061000,13.0716
25316270,1075000,2.75,1074000,6.3978,1073000,9.6809,1071000,22.8039,1069000,0.1553,1064000,20.8916,1063000,29.8469,1062000,0.11,1061000,10.1316,1060000,0.7525
25316271,1076000,1.1252,1075000,3.2078,1074000,3,1073000,12.6209,1071000,22.8039,1065000,23.0333,1064000,2.7004,1063000,3.1469,1062000,0.11,1061000,10.3554
25316272,1074000,3,1073000,12.6209,1071000,19.475,1070000,3.3652,1069000,0.6553,1065000,1.1111,1064000,4.0513,1063000,2.9958,1062000,0.11,1061000,10.3554
25316273,1075000,3.2078,1074000,5.94,1073000,9.6809,1071000,19.475,1070000,2.8804,1068000,0.046,1066000,12.3943,1065000,0.1,1064000,4.0514,1063000,2.9958
25316274,1075000,3.2078,1074000,3,1073000,11.6209,1071000,19.475,1070000,2.8804,1068000,0.046,1066000,12.521,1065000,0.1,1064000,3.051,1063000,2.9958
25316275,1076000,1.1252,1075000,3.2078,1074000,3,1073000,11.6209,1071000,19.475,1068000,3.6377,1066000,7.743,1065000,0.1,1064000,3.051,1063000,0.204
25316276,1076000,1.1252,1075000,3.2078,1074000,4,1073000,11.6209,1071000,19.375,1068000,3.8377,1066000,9.4389,1065000,3.9895,1064000,3.151,1063000,0.404
25316277,1075000,3.2078,1074000,6.94,1073000,8.6809,1071000,19.375,1070000,2.8804,1068000,0.546,1066000,8.006,1065000,5.5895,1064000,1.551,1063000,0.4227
25316278,1075000,3.2078,1074000,5.94,1073000,9.6809,1071000,19.375,1070000,2.8804,1068000,0.246,1066000,1.6959,1065000,2.9865,1064000,4.1549,1063000,0.404
25316279,1075000,3.2078,1074000,5.94,1073000,9.6809,1071000,20.3741,1070000,2.8804,1068000,0.246,1066000,1.6959,1065000,2.9865,1064000,3.1736,1063000,0.404
25316280,1075000,3.2078,1074000,6.94,1073000,8.6809,1071000,20.3741,1070000,3.2472,1066000,12.7792,1065000,6.0895,1064000,0.351,1063000,0.404,1062000,0.3287
25316281,1075000,4.2078,1074000,3.9991,1073000,13.5252,1071000,19.375,1070000,14.6782,1066000,1.3291,1065000,11.8901,1064000,3.151,1063000,0.4227,1062000,0.31
25316282,1075000,2.75,1074000,3,1073000,9.2721,1071000,21.2565,1070000,11.9944,1065000,6.2337,1064000,24.551,1063000,0.404,1062000,2.1324,1061000,0.71
25316283,1073000,8.6809,1072000,2.94,1071000,18.3165,1070000,6.6348,1069000,0.5575,1066000,0.1942,1065000,13.7835,1064000,0.351,1063000,0.404,1062000,1.3324
25316284,1073000,8.6809,1072000,2.94,1071000,18.3165,1070000,0.0166,1069000,7.4826,1065000,2.9865,1064000,3.3081,1063000,0.404,1062000,1.3324,1061000,2.31
25316285,1072000,2.94,1071000,17.3165,1070000,0.0166,1069000,5.5059,1068000,1.9767,1065000,3.1566,1064000,3.3081,1063000,4.2055,1062000,0.3287,1061000,0.71
25316286,1072000,2.94,1071000,17.3165,1070000,0.0166,1069000,5.926,1068000,1.5566,1065000,3.1566,1064000,0.351,1063000,0.404,1062000,1.3129,1061000,3.5287
25316287,1072000,2.94,1071000,16.4122,1070000,0.0166,1069000,0.0168,1068000,0.9991,1065000,6.1137,1064000,0.351,1063000,0.404,1062000,1.3314,1061000,3.51
25316288,1071000,27.4122,1070000,0.0166,1069000,0.0168,1068000,4.2451,1065000,26.5718,1064000,0.351,1063000,0.404,1062000,1.3314,1061000,0.71,1060000,3.31
25316289,1071000,16.4122,1070000,0.0166,1069000,11.0168,1068000,2.94,1065000,20.3549,1063000,0.404,1062000,9.7197,1061000,0.71,1060000,0.51,1059000,2.9771
25316290,1073000,8.6809,1071000,27.0034,1070000,11.3566,1069000,0.0168,1068000,14.3305,1063000,4.7802,1062000,0.31,1061000,3.11,1060000,0.51,1059000,2.4349
25316291,1074000,3,1073000,8.6809,1071000,27.0034,1070000,0.0166,1069000,20.2768,1063000,7.9372,1062000,0.31,1061000,0.71,1060000,0.51,1059000,5.2162
25316292,1071000,28.0034,1070000,0.0166,1069000,2.9568,1068000,20.5651,1065000,4.997,1063000,3.6515,1062000,0.31,1061000,1.7116,1060000,0.51,1059000,3.21
25316293,1071000,17.0034,1070000,0.0166,1069000,13.9568,1068000,16.32,1065000,4.997,1063000,0.404,1062000,0.31,1061000,1.7116,1060000,0.51,1059000,3.11
25316294,1071000,28.0034,1070000,0.0166,1069000,0.0168,1067000,7.1851,1065000,4.997,1063000,8.0548,1062000,0.31,1061000,24.7114,1060000,0.51,1059000,3.1288
25316295,1070000,0.6078,1069000,0.0168,1067000,20.26,1066000,4.2451,1065000,4.997,1063000,0.404,1062000,4.6862,1061000,9.137,1060000,24.1,1059000,0.41
25316296,1073000,20.2721,1071000,16.4122,1070000,0.0166,1069000,0.0168,1068000,11.4302,1063000,0.454,1062000,5.3583,1059000,23,1058000,3.0596,1057000,17.8171
25316297,1071000,16.4122,1070000,0.0166,1069000,0.0168,1068000,4.2639,1067000,4.7792,1062000,12.4147,1059000,36.1333,1058000,3.0596,1057000,19.4732,1056000,2.6394
25316298,1071000,15.4122,1070000,0.0166,1069000,0.0168,1068000,7.7192,1067000,0.0188,1060000,42.9319,1059000,43.3721,1058000,2.8542,1057000,17.8171,1056000,2.6394
25316299,1071000,15.4122,1070000,0.0166,1069000,0.0168,1068000,9.32,1067000,4.7155,1061000,25.3588,1060000,8.8693,1059000,0.4,1058000,3.095,1057000,17.8359
25316300,1073000,9.2721,1071000,15.4122,1070000,0.0166,1069000,28.9368,1067000,11.0955,1060000,22.8246,1059000,26.38,1058000,3.095,1057000,17.8171,1056000,2.6394
25316301,1073000,9.2721,1071000,15.4122,1070000,1.0166,1069000,2.9568,1067000,8.9665,1061000,31.9007,1060000,33.4881,1058000,1.899,1057000,17.8171,1056000,2.6394
25316302,1073000,9.2721,1071000,15.4122,1070000,1.0166,1069000,2.9568,1066000,17.759,1061000,1.0007,1060000,3.8221,1058000,24.879,1057000,17.8171,1056000,2.6394
25316303,1071000,16.0034,1070000,1.0166,1069000,0.0168,1068000,42.83,1066000,2.1537,1061000,5.3574,1060000,3.8033,1059000,0.0188,1058000,29.3341,1057000,17.8171
25316304,1073000,8.6809,1071000,16.0034,1070000,1.0166,1069000,2.9756,1066000,0.0473,1063000,6.3574,1062000,8.417,1061000,24,1060000,2.8188,1058000,1.6354
25316305,1073000,9.2721,1071000,16.4122,1070000,0.0166,1069000,4.2619,1068000,11.4115,1063000,9.7538,1062000,3.7998,1061000,0.0187,1058000,4.8672,1057000,17.8171
25316306,1072000,2.94,1071000,15.4122,1070000,3.6078,1069000,0.0356,1065000,22.9186,1062000,10.8586,1061000,0.0187,1059000,27,1058000,3.9448,1057000,17.8171
25316307,1072000,2.94,1071000,15.4122,1070000,3.6078,1069000,4.2619,1065000,16.9978,1062000,3.8293,1061000,0.0187,1058000,3.9448,1057000,17.8171,1056000,2.8997
25316308,1071000,15.4122,1070000,2.6078,1069000,18.9168,1068000,4.2451,1065000,14.251,1062000,8.2745,1060000,27.0662,1059000,1.6,1058000,3.9623,1057000,17.8171
25316310,1071000,15.4122,1070000,0.6078,1069000,17.9168,1068000,1,1064000,8.032,1061000,7.7157,1060000,0.7,1059000,5.5434,1057000,17.8171,1056000,2.9039
25316311,1073000,22.6209,1071000,45.3222,1070000,0.6078,1069000,0.0168,1068000,12.4104,1063000,0.3508,1062000,9.2116,1061000,23,1060000,0.7,1059000,5.5434
25316312,1073000,14.2121,1071000,15.4122,1070000,0.0166,1069000,29.9268,1068000,11.3923,1063000,5.6038,1062000,6.0004,1061000,24.6,1060000,0.7,1059000,2.9588
25316312,1074000,3,1073000,14.2121,1071000,15.4122,1070000,0.0166,1069000,4.3842,1063000,8.8769,1062000,37.2209,1061000,1.6187,1060000,0.7,1059000,2.94
25316314,1074000,3,1073000,14.2121,1071000,40.0034,1070000,0.0166,1069000,1.1391,1063000,5.6038,1062000,0.2521,1061000,1.4539,1060000,8.3214,1059000,2.94
25316315,1074000,3,1073000,14.8033,1071000,42.3922,1070000,0.0166,1069000,4.3842,1063000,5.6038,1062000,1.2534,1061000,30.7552,1060000,5.1188,1059000,3.1956
25316315,1074000,3,1073000,14.8033,1071000,42.3922,1070000,0.0166,1069000,0.1391,1063000,4.7618,1062000,16.5345,1061000,2.8187,1060000,5.1,1059000,3.1956
25316317,1074000,3,1073000,14.8033,1071000,37.4122,1070000,0.0166,1069000,0.1391,1063000,5.6048,1062000,1.2534,1061000,2.8,1060000,5.1,1059000,0.2744
25316318,1074000,3,1073000,14.8033,1071000,46.3922,1070000,0.0166,1069000,0.1391,1063000,5.6048,1062000,0.2521,1061000,2.8,1060000,8.04,1059000,0.2743
25316319,1074000,3,1073000,14.2121,1071000,44.3922,1070000,0.0166,1069000,5.1361,1063000,4.7645,1062000,0.2521,1061000,2.8,1060000,8.04,1059000,0.0188
25316320,1074000,3,1073000,14.2121,1071000,45.3222,1070000,0.0166,1069000,0.4553,1064000,24.0134,1063000,1.3508,1062000,1.8521,1061000,1.2,1060000,8.0588
25316321,1074000,3,1073000,15.8033,1071000,15.4122,1070000,0.1389,1069000,18.9768,1064000,28.3378,1063000,1.3508,1062000,0.2521,1061000,2.8,1060000,7.9588
25316322,1074000,3,1073000,15.8033,1071000,15.4122,1070000,19.0989,1069000,0.0168,1064000,36.1899,1063000,1.3508,1062000,0.2521,1061000,2.8187,1060000,7.94
25316323,1074000,7.5312,1073000,11.2721,1071000,15.4122,1070000,0.1389,1069000,0.0168,1064000,47.0131,1063000,1.3508,1062000,0.2521,1061000,3.0799,1060000,7.94
25316324,1073000,10.6809,1071000,15.4122,1070000,0.1389,1069000,0.0168,1067000,1.1342,1064000,50.2731,1063000,0.3508,1062000,3.1921,1061000,3.0799,1060000,5
25316325,1073000,10.6809,1071000,15.4122,1070000,4.3929,1069000,0.0168,1067000,0.4555,1064000,45.5598,1063000,0.3508,1062000,3.2108,1060000,5.2488,1057000,18.952
25316326,1074000,4,1073000,10.6809,1071000,60.3522,1070000,5.3919,1069000,0.0168,1065000,0.9996,1064000,13.1834,1063000,0.3508,1062000,3.1921,1061000,0.0187
25316327,1076000,4.0652,1075000,3.4407,1074000,4,1073000,10.6809,1071000,46.6744,1066000,22.0211,1065000,3.5958,1064000,32.1464,1063000,3.1508,1062000,3.2108
25316328,1076000,4.0652,1075000,3.4407,1074000,4,1073000,10.6809,1071000,44.6944,1067000,4.1399,1066000,18.5751,1064000,39.8158,1063000,3.1508,1062000,3.4654
25316329,1076000,2.8159,1075000,2.75,1074000,3,1073000,10.6809,1071000,41.6944,1067000,1,1066000,19.6751,1064000,40.2285,1063000,3.1508,1062000,3.4653
25316330,1075000,2.75,1074000,3,1073000,30.6609,1071000,15.4122,1070000,1.2459,1066000,20.6751,1064000,38.026,1063000,3.1695,1062000,0.5066,1060000,5
25316331,1075000,3.4407,1074000,4,1073000,10.6809,1071000,40.1085,1070000,0.9059,1066000,20.6751,1064000,36.0878,1063000,3.1695,1062000,0.2521,1060000,5.2585
25316332,1073000,10.6809,1071000,42.7685,1070000,4.2451,1069000,0.34,1068000,0.9059,1066000,20.6751,1064000,36.0878,1063000,3.1695,1062000,0.2521,1060000,17.2585
25316333,1074000,4,1073000,10.6809,1071000,56.3622,1070000,4.5751,1069000,0.9059,1066000,20.6751,1064000,2.0018,1063000,3.1508,1062000,0.2521,1061000,0.0187
25316334,1075000,3.4407,1074000,3,1073000,11.6809,1071000,34.3722,1070000,26.6139,1066000,20.6751,1064000,2.0024,1063000,6.0908,1062000,0.2708,1060000,17.5905
25316335,1074000,3,1073000,11.6809,1071000,34.3722,1070000,35.6214,1068000,0.3788,1066000,20.6751,1065000,2.94,1064000,2.0024,1063000,3.1695,1062000,0.2521
25316336,1074000,3,1073000,11.6809,1071000,61.3722,1070000,4.6239,1069000,11.3978,1066000,20.6751,1065000,2.94,1064000,2.0024,1063000,3.1695,1062000,0.2521
25316337,1074000,3,1073000,11.6809,1071000,34.3722,1070000,30.3563,1069000,0.3788,1066000,20.6751,1065000,2.94,1064000,3.8187,1063000,1.3542,1062000,0.2521
25316338,1075000,2.75,1074000,3.6907,1073000,11.6809,1071000,56.3622,1070000,4.7063,1066000,24.9246,1065000,3.64,1064000,2.2,1063000,1.3724,1062000,0.2521
25316339,1075000,2.75,1074000,4,1073000,10.6809,1071000,34.3722,1070000,4.7063,1066000,21.7452,1064000,7.6608,1063000,0.3508,1062000,0.2521,1060000,17.8451
25316340,1075000,2.75,1074000,4,1073000,10.6809,1072000,8.6214,1071000,27.1451,1067000,35.5913,1066000,20.6751,1064000,7.6605,1063000,0.3508,1062000,8.8257
25316341,1074000,3,1073000,10.6809,1072000,4.2451,1071000,26.8166,1070000,4.7063,1067000,9.3796,1066000,22.2751,1064000,5.1587,1063000,0.3508,1062000,8.8256
25316342,1074000,3,1073000,10.6809,1072000,4.2451,1071000,15.4291,1070000,30.1382,1067000,2.1076,1066000,22.4751,1064000,3.9587,1063000,0.3508,1062000,8.5722
25316343,1074000,3,1073000,10.6809,1072000,1,1071000,15.4291,1070000,25.7619,1067000,2.1076,1066000,19.6751,1064000,6.64,1063000,0.3695,1062000,9.5769
25316344,1075000,3.5741,1074000,3,1073000,11.6809,1071000,15.4291,1070000,25.7619,1066000,19.8604,1064000,6.64,1063000,0.3695,1062000,1.2568,1060000,5.5525
25316345,1075000,2.75,1074000,3,1073000,14.7836,1072000,6.4771,1071000,31.5245,1066000,19.8604,1065000,32.677,1064000,4.5587,1063000,0.3508,1062000,0.2521
25316346,1074000,4,1073000,14.7836,1072000,6.4771,1071000,15.446,1070000,11.7234,1066000,19.8604,1065000,2.6019,1064000,4.54,1063000,0.3695,1062000,0.4889
25316347,1074000,3,1073000,14.7836,1072000,1,1071000,15.446,1070000,11.7243,1066000,19.8604,1065000,23,1064000,4.74,1063000,0.3508,1062000,0.2708
25316348,1075000,9.4541,1074000,3,1073000,15.7836,1071000,19.8223,1070000,0.33,1066000,19.8604,1065000,23,1064000,2.8024,1063000,0.3695,1062000,3.1921
25316349,1076000,1.9493,1075000,2.75,1074000,4,1073000,15.7836,1071000,26.6294,1066000,23.1134,1065000,24.0013,1064000,1.8,1063000,0.3695,1062000,3.4249
25316350,1076000,15.0652,1075000,3.5741,1074000,4,1073000,15.7836,1071000,26.6294,1066000,19.8551,1065000,24.0014,1064000,3,1063000,0.3695,1062000,3.425
25316351,1075000,3.5741,1074000,4,1073000,10.6809,1071000,26.6294,1070000,11.3999,1066000,19.8635,1065000,24.0014,1064000,2.8,1063000,0.3508,1062000,3.4437
25316352,1075000,3.5741,1074000,4,1073000,10.6809,1071000,15.446,1067000,27.7882,1066000,19.8635,1065000,1.0013,1064000,1,1063000,3.1508,1062000,3.2108
25316353,1074000,5.94,1073000,11.505,1071000,16.446,1070000,6.4771,1067000,26.2123,1066000,19.8635,1064000,9.135,1063000,3.1695,1062000,1.2564,1061000,2.94
25316354,1075000,5.69,1074000,3,1073000,11.505,1071000,16.446,1067000,26.2123,1066000,17.0425,1064000,9.135,1063000,3.1508,1062000,1.2563,1061000,2.9587
25316355,1075000,5.69,1074000,3,1073000,11.505,1071000,20.8223,1067000,26.2123,1066000,16.9536,1063000,3.1508,1062000,1.275,1061000,2.94,1060000,5.3196
25316358,1075000,5.69,1074000,3,1073000,11.505,1071000,16.446,1067000,26.2123,1066000,16.9536,1063000,3.1508,1062000,1.275,1061000,2.94,1060000,5.3196
25316358,1075000,5.69,1074000,14,1073000,10.6809,1071000,16.2701,1067000,28.7882,1063000,7.1788,1062000,3.0521,1061000,2.94,1060000,5.3384,1058000,3.1537
25316359,1075000,5.69,1074000,14,1073000,10.6809,1071000,16.3023,1067000,24.4119,1063000,8.0768,1062000,3.0521,1061000,2.94,1060000,33.3284,1058000,3.1494
25316360,1074000,14,1073000,10.6809,1071000,15.446,1070000,12.6522,1067000,23.4119,1063000,6.7656,1062000,0.2521,1061000,5.74,1060000,5.3196,1059000,0.0188
25316361,1075000,5.69,1074000,14,1073000,10.6809,1071000,19.8223,1067000,23.4119,1063000,7.6656,1062000,0.2521,1061000,2.9587,1060000,0.3196,1058000,1.9186
25316362,1074000,14,1073000,11.6384,1071000,15.446,1069000,7.883,1067000,28.6511,1063000,0.3508,1062000,0.2521,1061000,2.9587,1060000,3.1196,1058000,1.9186
25316363,1074000,14,1073000,10.6809,1071000,16.4035,1069000,8.126,1067000,28.6511,1063000,0.3508,1062000,7.9881,1061000,4.54,1060000,30.4996,1059000,0.0188
25316364,1075000,5.69,1074000,3,1073000,10.6809,1071000,27.4035,1067000,28.6511,1063000,0.3508,1062000,7.9881,1061000,4.54,1060000,1.5196,1059000,0.0188
25316365,1075000,5.69,1074000,3,1073000,10.6809,1071000,27.4035,1067000,28.6512,1063000,11.7924,1062000,0.2521,1061000,5.74,1060000,0.3196,1059000,0.0188
25316366,1075000,5.69,1074000,3,1073000,11.6384,1071000,26.446,1067000,24.2749,1063000,3.4833,1062000,15.6521,1061000,23.94,1060000,0.3384,1058000,1.9186
25316367,1074000,3,1073000,11.6384,1071000,26.446,1069000,7.743,1067000,25.2792,1063000,3.2259,1062000,26.1921,1061000,7.0144,1060000,0.3196,1058000,1.9186
25316368,1076000,118.1252,1075000,2.75,1074000,3.8242,1073000,21.6809,1071000,17.5964,1064000,2.94,1063000,18.9092,1062000,24.2754,1061000,2.8,1060000,12.5498
25316369,1074000,3.8242,1073000,11.6809,1071000,15.4291,1070000,11.461,1067000,0.0239,1064000,4.2123,1063000,1.0033,1062000,23.2521,1061000,2.8,1060000,0.3384
25316371,1076000,12.1252,1075000,2.75,1074000,3.8242,1073000,11.6809,1071000,53.9705,1067000,0.6709,1066000,2.94,1064000,8.404,1063000,40.8014,1062000,0.2708
25316371,1075000,2.75,1074000,14,1073000,11.6809,1071000,15.4291,1070000,11.4347,1065000,6.409,1063000,34.5079,1062000,0.2521,1060000,0.5778,1058000,13.9186
25316373,1075000,3.5742,1074000,14,1073000,11.6809,1071000,44.4091,1070000,15.2716,1066000,1.6164,1065000,13.8925,1063000,15.7939,1062000,25.6542,1061000,1.4575
25316374,1075000,3.5742,1074000,14,1073000,11.6809,1071000,23.6961,1070000,7.5326,1066000,1.2924,1065000,13.8925,1063000,1.7939,1062000,25.6542,1061000,1.4575
25316374,1076000,1.1252,1075000,3.5742,1074000,15,1073000,11.6809,1071000,38.5776,1065000,21.9625,1064000,28.1412,1063000,7.8387,1062000,1.6708,1060000,0.3196
25316375,1076000,12.1252,1075000,3.5742,1074000,4,1073000,11.6809,1071000,18.5854,1066000,34.6969,1065000,17.2841,1064000,5.1599,1063000,7.8387,1060000,12.3196
25316377,1076000,12.1252,1075000,3.5742,1074000,4,1073000,11.6809,1071000,17.0073,1065000,73.5011,1064000,6.7599,1060000,12.3196,1058000,1.9186,1057000,23.6276
25316378,1076000,1.1252,1075000,3.5742,1074000,4,1073000,23.1163,1072000,8.9563,1066000,12.6353,1065000,32.6208,1064000,6.7599,1060000,12.3196,1058000,1.9186
25316379,1075000,3.75,1074000,3,1073000,11.6809,1072000,27.1443,1070000,1.1385,1066000,7.1763,1065000,5.732,1064000,0.0187,1060000,0.5736,1058000,13.9186
25316380,1076000,1.1252,1075000,2.75,1074000,3,1073000,10.6809,1072000,17.98,1069000,3.1229,1065000,5.9316,1064000,1.6187,1060000,0.3196,1058000,21.7973
25316380,1077000,2.5096,1076000,1.9494,1075000,2.75,1074000,4,1073000,22.1189,1069000,1.5618,1066000,35.5893,1065000,6.9327,1064000,1.6187,1060000,12.5736
25316382,1075000,3.5742,1074000,3,1073000,11.6809,1072000,17.98,1069000,0.0249,1065000,15.3163,1064000,31.1848,1063000,0.0187,1060000,0.5698,1058000,21.7973
25316383,1075000,2.75,1074000,3,1073000,11.6809,1072000,43.96,1069000,0.0249,1065000,17.3163,1064000,2.2016,1063000,0.0187,1060000,0.5698,1058000,21.7973
25316384,1075000,3.5742,1074000,3,1073000,10.6809,1072000,24.7879,1069000,0.0249,1065000,17.3163,1064000,1.8,1062000,25.9987,1060000,1.8169,1058000,21.7973
25316385,1076000,1.1252,1075000,14.5742,1074000,3,1073000,10.6809,1072000,29.434,1069000,0.518,1065000,18.9163,1064000,1.2,1063000,0.0187,1060000,1.8169
25316386,1076000,1.1252,1075000,14.5742,1074000,3,1073000,22.2089,1072000,31.4863,1066000,10.6374,1065000,14.54,1064000,2.2048,1063000,0.0187,1060000,0.8014
25316387,1076000,1.9494,1075000,13.75,1074000,3,1073000,22.2089,1072000,11.4578,1066000,33.6374,1065000,14.54,1064000,10.0584,1060000,0.551,1058000,22.2933
25316388,1076000,1.9494,1075000,13.75,1074000,3,1073000,12.6604,1072000,20.0699,1065000,16.8434,1064000,10.0397,1063000,0.0187,1060000,0.551,1058000,13.9186
25316389,1075000,13.75,1074000,3,1073000,11.6809,1072000,21.0665,1071000,0.15,1066000,2.3034,1065000,39.53,1064000,10.037,1063000,0.0187,1060000,0.5432
25316390,1075000,13.75,1074000,3,1073000,11.6809,1072000,27.8882,1071000,13.6425,1065000,16.856,1064000,10.0557,1060000,0.5432,1058000,13.9186,1057000,17.0316
25316391,1075000,2.75,1074000,3.8242,1073000,21.6809,1072000,44.6475,1071000,2.2272,1065000,24.446,1064000,10.0557,1060000,1.3247,1058000,13.9186,1057000,17.0316
25316392,1075000,2.75,1074000,3.8242,1073000,10.6809,1072000,19.0141,1071000,2.2272,1065000,32.447,1064000,10.0557,1060000,1.3247,1058000,13.9186,1057000,17.0316
25316393,1074000,3,1073000,11.6809,1072000,18.0141,1071000,0.1669,1070000,0.4998,1066000,12.3937,1065000,14.54,1064000,11.0387,1060000,0.5541,1058000,13.9186
25316394,1074000,3,1073000,9.6809,1072000,45.0141,1071000,0.1669,1070000,0.4998,1065000,14.54,1064000,11.0574,1060000,0.5541,1058000,13.9186,1057000,17.0316
25316395,1074000,3,1073000,9.6809,1072000,18.0141,1071000,0.1669,1070000,0.0002,1066000,1.6,1065000,12.9587,1064000,8.8366,1060000,0.5582,1058000,13.9186
25316396,1076000,12.1252,1075000,3.5742,1074000,3,1073000,1,1072000,26.781,1071000,0.0275,1066000,1.6186,1065000,12.94,1064000,8.8366,1060000,12.5582
25316397,1077000,2.5096,1076000,12.9494,1075000,2.75,1074000,21.37,1072000,2.0813,1071000,0.5486,1066000,5.9949,1065000,12.94,1064000,8.8413,1060000,12.5462
25316398,1078000,2.94,1077000,2.5096,1076000,12.9494,1075000,2.75,1074000,32.7994,1071000,0.5486,1068000,12.2193,1067000,5.684,1066000,1.6,1065000,12.9587
25316399,1079000,86.7266,1077000,3.3338,1076000,12.1252,1075000,2.75,1074000,29.0819,1071000,0.5486,1067000,4.3949,1066000,2,1065000,16.6462,1064000,7.8351
25316400,1079000,89.6666,1077000,3.3338,1076000,1.1252,1075000,2.75,1074000,29.0819,1071000,0.3564,1067000,7.9353,1066000,3.9586,1065000,14.0056,1064000,7.8351
25316401,1077000,3.3338,1076000,1.1252,1075000,2.75,1074000,29.099,1072000,12.452,1071000,0.3564,1067000,4.7949,1066000,3.94,1065000,14.0056,1064000,7.8351
25316402,1076000,1.1252,1075000,3.75,1074000,3.0675,1073000,0.0459,1072000,1.3974,1067000,4.3949,1066000,1.0046,1065000,15.94,1064000,7.8351,1060000,12.7729
25316403,1077000,3.2094,1076000,1.1252,1075000,2.75,1074000,3,1073000,11.4703,1068000,8.5638,1067000,24.0192,1065000,15.94,1064000,7.8351,1060000,12.5464
25316404,1077000,2.5096,1076000,12.1252,1075000,2.75,1074000,3,1073000,0.0624,1068000,12.3131,1067000,26.8006,1065000,18.3657,1064000,8.0618,1060000,12.3196
25316405,1077000,2.5096,1076000,13.1252,1075000,2.75,1074000,3,1073000,0.0624,1071000,0.0458,1069000,8.012,1068000,4.5167,1067000,3.804,1065000,19.0038
25316406,1077000,2.5096,1076000,13.1252,1075000,2.75,1074000,3,1073000,0.0459,1072000,0.9835,1071000,0.0458,1068000,4.4981,1067000,3.8198,1065000,19.0038
25316407,1077000,2.5096,1076000,12.1252,1075000,38.194,1074000,3,1072000,0.0166,1071000,0.0458,1068000,5.5309,1067000,8.2066,1066000,1.6,1065000,14.0052
25316408,1077000,2.5096,1076000,1.1252,1075000,13.75,1074000,33.243,1072000,0.0166,1070000,0.9999,1068000,1.1546,1067000,0.0186,1066000,1.6,1065000,12.94
25316409,1077000,3.2094,1076000,1.1252,1075000,35.74,1074000,4,1072000,0.0166,1070000,7.2191,1069000,1.1535,1068000,12.2973,1067000,1.2186,1066000,0.4
25316410,1077000,4.2094,1076000,1.1252,1075000,13.75,1074000,3,1072000,0.0166,1070000,13.5954,1069000,1.1535,1068000,8.9225,1067000,1.2186,1066000,0.4
25316411,1077000,6.1494,1076000,1.1252,1075000,14.75,1074000,3,1072000,0.0166,1070000,5.5937,1069000,5.5298,1067000,30.18,1066000,1.4225,1065000,10
25316412,1077000,6.1494,1076000,2.1252,1075000,13.75,1074000,3,1072000,0.0165,1070000,4.5716,1069000,1.1535,1068000,8.124,1067000,2.2027,1066000,0.4
25316413,1077000,6.8492,1076000,5.505,1075000,28.74,1074000,21.961,1072000,0.0165,1070000,1.3641,1069000,5.5298,1066000,1.6,1065000,11.004,1064000,10.7938
25316414,1076000,1.1252,1075000,5.5042,1074000,21.748,1072000,0.0165,1070000,0.01,1069000,7.3444,1066000,26.59,1065000,11.0228,1064000,10.7751,1060000,0.5365
25316415,1076000,1.825,1075000,5.5042,1074000,14,1072000,7.8685,1070000,0.01,1069000,2.9681,1066000,12.4143,1065000,13.8039,1064000,10.7751,1063000,0.0187
25316416,1077000,3.2094,1076000,1.1252,1075000,2.75,1074000,43.98,1072000,7.8895,1069000,1.9681,1065000,21.1198,1064000,7.8351,1063000,0.0187,1060000,0.3196
25316417,1077000,2.5096,1076000,2.1252,1075000,2.75,1074000,43.48,1072000,7.9565,1069000,2.4683,1066000,1.0031,1065000,15.74,1064000,8.0902,1060000,0.3196
25316418,1077000,2.5096,1076000,1.1252,1075000,2.75,1074000,44.48,1072000,8.2735,1069000,7.3444,1066000,29.9831,1065000,13.8041,1064000,7.8351,1063000,0.0187
25316419,1077000,5.4496,1076000,1.825,1075000,2.75,1074000,104.6274,1072000,11.1625,1069000,1.1533,1066000,5.3794,1065000,13.8039,1064000,7.8351,1063000,2.9587
25316420,1077000,5.4496,1076000,1.1252,1075000,3.4498,1074000,15.5,1072000,63.0165,1069000,1.1533,1066000,39.0953,1065000,13.8038,1064000,7.8351,1063000,2.9587
25316421,1077000,5.4496,1076000,1.1252,1075000,2.75,1074000,36.49,1072000,3.3198,1068000,2.1546,1066000,12.0953,1065000,12.8,1064000,7.8538,1063000,2.94
25316422,1077000,6.1494,1076000,1.1252,1075000,3.75,1074000,3.5,1072000,3.3057,1069000,0.6,1068000,2,1065000,13.8032,1064000,7.8351,1063000,3.2502
25316423,1077000,5.4496,1076000,1.1252,1075000,3.4498,1074000,24.48,1072000,11.0987,1069000,0.6,1068000,0.5,1065000,13.8037,1064000,7.8351,1063000,2.9587
25316424,1077000,5.4496,1076000,12.1252,1075000,3.4498,1074000,4.5,1072000,19.5081,1069000,1,1068000,0.5,1065000,13.8037,1064000,7.8351,1063000,2.9587
25316425,1077000,5.4496,1076000,12.1252,1075000,3.4498,1074000,27.48,1072000,8.0791,1069000,1.1,1068000,0.5,1065000,13.8034,1064000,7.8351,1063000,2.9587
25316426,1076000,12.1252,1075000,3.4498,1074000,4.5,1072000,7.7755,1070000,5.9076,1069000,0.5,1068000,0.5,1065000,13.8041,1064000,7.8538,1063000,2.94
25316427,1077000,16.4496,1076000,1.1252,1075000,2.75,1074000,7.2171,1072000,19.7267,1069000,28.9868,1068000,0.5,1065000,12.8,1064000,8.1186,1063000,2.9587
25316428,1077000,5.4496,1076000,1.1252,1075000,2.75,1074000,3.5,1072000,12.6905,1069000,0.5,1068000,0.2,1066000,2,1065000,17.8,1064000,12.8351
25316429,1077000,2.5096,1076000,1.1252,1075000,2.75,1074000,7.8763,1072000,0.0165,1069000,0.6,1068000,0.3,1066000,3.2,1065000,24.0116,1064000,12.8351
25316430,1077000,3.3428,1076000,1.1252,1075000,25.24,1074000,16.2443,1072000,0.0165,1069000,0.6,1068000,0.4,1066000,1,1065000,22.9228,1064000,12.8351
25316431,1077000,3.3428,1076000,1.1252,1075000,30.25,1074000,4,1073000,11.7103,1069000,0.6,1068000,0.4,1065000,29.2153,1064000,12.8351,1060000,0.5774
25316432,1077000,3.3428,1076000,1.9584,1075000,10.2612,1074000,31,1073000,11.9903,1069000,0.5,1065000,35.238,1064000,7.8538,1060000,0.5744,1058000,4.6787
25316433,1078000,2.94,1077000,2.5096,1076000,1.9584,1075000,10.2612,1074000,49.8436,1069000,0.5,1066000,0.0187,1065000,21.0362,1064000,7.8351,1060000,0.5704
25316434,1078000,2.94,1077000,2.5096,1076000,1.9584,1075000,3.25,1074000,15.3203,1069000,2.9471,1067000,0.0186,1065000,21.0362,1064000,7.8351,1060000,0.5704
25316435,1078000,2.94,1077000,2.5096,1076000,1.9584,1075000,3.25,1074000,15.3203,1069000,2.9471,1067000,1.6,1066000,0.0187,1065000,19.4362,1064000,22.0462
25316437,1077000,2.5096,1076000,13.7916,1075000,3.25,1074000,11.151,1073000,5.0243,1069000,1.225,1066000,4.892,1065000,15.4925,1064000,7.8538,1060000,0.5657
25316437,1077000,2.5096,1076000,13.7916,1075000,3.25,1074000,11.151,1073000,16.4644,1069000,2.6304,1067000,0.0186,1066000,33.52,1065000,15.4925,1064000,7.8351
25316439,1077000,2.5096,1076000,13.7916,1075000,4.25,1074000,10.917,1073000,15.4635,1069000,1.7783,1066000,33.8907,1065000,16.4958,1064000,7.8351,1060000,0.5655
25316439,1077000,2.5096,1076000,2.7916,1075000,4.25,1074000,22.4518,1073000,11.4435,1069000,1.2249,1066000,40.1161,1065000,16.4958,1064000,7.8538,1060000,0.5655
25316440,1076000,1.9584,1075000,4.25,1074000,14,1073000,0.6014,1072000,15.4638,1069000,1.2249,1066000,6.102,1065000,11.0033,1064000,7.8538,1060000,0.5855
25316441,1077000,2.5096,1076000,1.9584,1075000,3.25,1074000,27.0793,1072000,11.4445,1069000,5.5019,1067000,29.547,1066000,5.74,1065000,11.0221,1064000,7.8351
25316443,1079000,206.6666,1077000,2.5096,1076000,1.9584,1075000,3.25,1074000,26.4442,1069000,5.5019,1067000,8.185,1066000,4.54,1065000,11.0221,1064000,7.8351
25316444,1077000,3.3428,1076000,1.1252,1075000,4.25,1074000,15.6753,1072000,0.2919,1069000,3.5216,1067000,8.185,1066000,26.7829,1065000,12.9587,1064000,7.8351
25316445,1075000,4.25,1074000,11.6015,1072000,0.2919,1071000,12,1070000,0.3092,1069000,3.5216,1067000,8.185,1066000,3.8216,1065000,12.94,1064000,7.8351
25316446,1075000,5.0832,1074000,10.4686,1072000,0.2919,1071000,12,1069000,11.7622,1066000,35.4736,1065000,12.8,1064000,7.8351,1063000,0.0187,1060000,0.5824
25316447,1074000,3,1073000,3.5171,1072000,0.2919,1071000,1.0377,1070000,22.7347,1066000,0.8908,1065000,12.8,1064000,7.8538,1060000,0.5821,1059000,2.94
25316448,1074000,3.8478,1073000,118,1072000,0.2919,1071000,1.0377,1070000,11.4408,1066000,0.8908,1065000,14.3386,1064000,7.8351,1063000,3.8034,1062000,0.0187
25316449,1074000,3.8478,1073000,118,1072000,10.5466,1071000,1,1069000,10.4793,1065000,14.3763,1064000,7.8351,1063000,2.6033,1062000,1.2187,1060000,0.5796
25316450,1074000,3.8478,1073000,125.2136,1072000,0.7919,1071000,1,1069000,11.3127,1065000,14.2753,1064000,34.8351,1063000,1.022,1062000,2.8,1060000,3.5196
25316451,1074000,3.8478,1073000,125.2136,1072000,0.7919,1071000,1,1069000,11.2936,1065000,14.2753,1064000,7.8351,1063000,1.022,1062000,2.8,1060000,3.5196
25316452,1074000,3,1073000,121.2736,1072000,0.7919,1071000,1,1069000,12.8095,1065000,9.899,1064000,9.4351,1062000,1.2187,1060000,1.3247,1058000,2.1745
25316453,1074000,3,1073000,121.2736,1072000,3.7319,1071000,1,1069000,13.1129,1065000,9.899,1064000,10.6351,1063000,0.0187,1062000,25.98,1060000,1.3247
25316454,1074000,3,1073000,122.2736,1072000,3.7319,1071000,9.1042,1069000,11.7999,1065000,9.899,1064000,11.6554,1060000,0.5749,1059000,2.94,1058000,1.9186
25316455,1073000,4.2736,1072000,120.7319,1071000,1,1069000,0.7931,1068000,8.68,1065000,10.1804,1064000,10.6351,1063000,0.0187,1062000,21.99,1060000,1.3247
25316456,1073000,4.2736,1072000,121.7319,1071000,1,1069000,0.5,1068000,11.3003,1065000,14.5567,1064000,9.0351,1063000,1.2187,1060000,1.5841,1059000,2.94
25316457,1073000,5.1214,1072000,121.7319,1071000,1,1069000,0.5,1068000,11.2786,1065000,10.1804,1064000,9.0351,1063000,2.2214,1060000,0.3196,1059000,0.2598
25316458,1073000,5.1214,1072000,121.7319,1071000,1,1069000,0.5,1068000,11.2786,1065000,10.1804,1064000,7.8351,1063000,32.3825,1062000,0.0187,1060000,0.3196
25316459,1073000,4.2736,1072000,118.7919,1071000,3.94,1069000,0.5,1068000,9.7886,1065000,10.1804,1064000,7.8351,1063000,2.4,1062000,0.0187,1060000,0.5755
25316460,1072000,121.7319,1071000,1,1070000,8.193,1069000,0.5,1068000,11,1065000,10.1804,1064000,7.8351,1063000,0.8,1061000,0.0187,1060000,0.5755
25316461,1073000,5.1214,1072000,121.7319,1071000,1,1069000,0.5,1068000,10.72,1065000,10.1804,1064000,22.0462,1063000,1.8211,1060000,0.3196,1058000,5.1415
25316462,1072000,118.7919,1071000,1,1069000,0.5,1068000,10.72,1067000,11.4882,1065000,10.1804,1064000,7.8351,1063000,22.0024,1062000,2.8187,1060000,0.3196
25316463,1073000,5.1214,1072000,120.7319,1071000,2,1070000,8.138,1069000,22.9829,1065000,9.2204,1064000,7.8351,1062000,9.1251,1060000,0.3384,1059000,2.94
25316464,1074000,3,1073000,4.2736,1072000,120.7319,1071000,1,1069000,20.7183,1065000,6,1064000,7.8351,1062000,31.1204,1060000,0.3196,1059000,2.94
25316465,1074000,3.8478,1073000,4.2736,1072000,121.7319,1071000,1,1069000,14.2803,1065000,4.4944,1064000,7.8351,1062000,32.5491,1060000,0.5476,1058000,4.8586
25316466,1070000,2.94,1069000,2.6903,1068000,1,1067000,11.7142,1066000,0.59,1065000,2.2078,1064000,7.8351,1062000,2.8,1061000,0.0187,1060000,0.3196
25316467,1072000,117.7919,1071000,3.94,1069000,2.6903,1068000,1,1067000,11,1065000,0.587,1064000,7.8351,1063000,26.7686,1062000,2.8,1060000,0.3384
25316468,1072000,117.7919,1071000,6.2735,1069000,2.6903,1067000,11.6076,1065000,0.3011,1064000,9.3628,1063000,8.28,1062000,3.803,1061000,23.0187,1060000,0.3196
25316469,1072000,117.7919,1071000,2.9501,1069000,2.6903,1068000,6.3917,1065000,10.1718,1062000,4.0045,1061000,31.051,1060000,3.1296,1059000,0.0188,1058000,1.9186
25316470,1072000,117.7919,1071000,3.9002,1069000,5.6303,1068000,5.5023,1065000,11.3011,1062000,0.3359,1061000,31.051,1060000,3.1296,1058000,1.9374,1057000,17.0316
25316471,1072000,117.7919,1071000,2.9002,1069000,10.525,1068000,20.3696,1065000,0.3011,1062000,1.5972,1061000,23,1060000,3.1296,1059000,0.0188,1058000,1.9186
25316472,1071000,1.9501,1069000,2.6903,1068000,2.94,1067000,12.6076,1065000,0.2911,1062000,5.1299,1061000,23,1060000,3.1296,1058000,1.9374,1057000,17.0316
25316473,1069000,0.5,1068000,2.94,1067000,1,1065000,23.4063,1063000,0.8176,1062000,1.3613,1061000,23.0187,1060000,6.8982,1058000,1.9186,1057000,17.0316
25316474,1071000,2.9501,1069000,0.5,1068000,2.94,1065000,11.2911,1063000,0.4088,1062000,1.3613,1061000,26.7686,1060000,3.1484,1058000,1.9186,1057000,17.0316
25316475,1071000,2.9501,1069000,0.5,1068000,2.94,1065000,11.8987,1063000,0.217,1062000,1.3613,1061000,14.2473,1060000,3.1296,1058000,1.9374,1057000,17.0316
25316476,1071000,2.9501,1069000,0.5,1068000,2.94,1065000,11.8987,1064000,11.0514,1060000,13.364,1058000,1.9186,1057000,17.0316,1056000,2.6394,1055000,10.0853
25316477,1073000,4.2736,1072000,117.7919,1071000,2.9501,1069000,0.5,1065000,11.2911,1061000,1,1060000,4.7538,1059000,2.8,1058000,1.9374,1057000,17.0316
25316478,1072000,0.7919,1071000,118.9501,1069000,1.5,1066000,2.94,1065000,11.2911,1061000,5.3762,1060000,0.3776,1059000,10.5918,1058000,27.8986,1057000,17.0504
25316479,1072000,0.7919,1071000,118.9501,1069000,1.5,1066000,2.94,1065000,11.2911,1061000,5.4342,1060000,0.3776,1059000,7.7918,1058000,4.7186,1057000,17.0504
25316480,1072000,0.7919,1071000,118,1069000,1.5,1065000,0.2911,1063000,12.1004,1061000,1.058,1060000,0.3776,1058000,4.7186,1057000,17.0504,1056000,2.6394
25316481,1071000,118,1069000,2.4501,1065000,0.2911,1064000,3.53,1063000,11,1061000,1.087,1060000,0.3776,1058000,1.9186,1057000,19.8316,1056000,2.6394
25316482,1071000,118,1069000,2.4501,1065000,22.2811,1064000,10.684,1063000,11,1060000,0.4783,1058000,6.2948,1057000,29.0316,1056000,5.4582,1055000,7.1453
25316483,1069000,1.4501,1065000,2.5775,1064000,1,1063000,7.758,1061000,13.94,1059000,12,1058000,1.9186,1057000,18.3316,1056000,3.4394,1055000,7.1641
25316484,1071000,118,1069000,0.5,1065000,2.5775,1064000,20.202,1061000,9.0834,1059000,12,1058000,1.9186,1057000,18.3316,1056000,3.4394,1055000,7.1641
25316485,1069000,1.4501,1065000,2.5775,1064000,1,1062000,2.94,1061000,12.0936,1059000,16.3753,1058000,1.9186,1057000,18.3316,1056000,4.6394,1055000,7.1453
25316486,1072000,0.7919,1071000,118,1069000,1.4501,1065000,9.4271,1061000,12.0936,1059000,18.4044,1058000,1.9186,1057000,18.3316,1056000,3.9394,1055000,7.1453
25316487,1071000,118,1069000,1.4501,1065000,20.2911,1064000,2.94,1061000,6.1434,1059000,23.5453,1058000,1.9186,1057000,18.9316,1056000,3.5394,1055000,7.1641
25316488,1071000,118,1069000,1.4501,1065000,19.2911,1064000,2.94,1061000,5.1008,1059000,15.8053,1058000,2.8238,1057000,18.9316,1056000,3.5582,1055000,3.9615
25316489,1071000,118,1069000,1.4501,1065000,20.2911,1064000,2.94,1061000,5.1008,1059000,16.8055,1058000,2.8238,1057000,18.3316,1056000,4.2394,1055000,8.4469
25316490,1072000,0.7919,1071000,118,1069000,1.4501,1065000,31.2621,1061000,6.006,1060000,20.2462,1059000,11.43,1058000,9.953,1057000,18.3316,1056000,4.2394
25316492,1069000,1.4501,1066000,2.94,1065000,9.2911,1064000,15.3762,1060000,16.9173,1059000,2.0291,1058000,2.8238,1057000,20.7504,1056000,2.6394,1055000,3.9615
25316493,1069000,0.5,1065000,8.2911,1064000,11,1063000,23.94,1060000,0.9329,1057000,8.2648,1056000,10.3974,1055000,6.7615,1054000,10.398,1053000,11.3489
25316493,1065000,126.2412,1063000,5.5094,1062000,2.94,1060000,7.7669,1059000,7.5462,1057000,8.1033,1056000,2.6394,1055000,7.7655,1054000,10.398,1053000,25.7125
25316494,1069000,1.4501,1065000,130.2511,1062000,11,1060000,2.9309,1059000,1.9074,1057000,10.3366,1056000,2.6394,1055000,6.7804,1054000,10.398,1053000,11.33
25316496,1069000,1.4501,1065000,127.8272,1062000,2.94,1060000,11.9329,1059000,2.9517,1057000,12.2516,1056000,2.6394,1055000,6.4615,1054000,10.4169,1053000,12.3359
25316496,1065000,127.8272,1062000,13.94,1060000,0.9329,1059000,2.0418,1058000,0.9537,1057000,12.6593,1056000,2.6394,1055000,3.9615,1054000,13.198,1053000,11.3359
25316498,1069000,1.4501,1065000,138.8272,1062000,2.94,1060000,0.9329,1059000,2.2033,1057000,15.2083,1056000,13.2394,1055000,4.2615,1054000,13.498,1053000,11.9359
25316498,1069000,1.4501,1065000,126,1062000,13.94,1060000,0.9329,1059000,1.2434,1057000,15.8351,1056000,13.6394,1055000,6.2804,1054000,12.098,1053000,12.3359
25316500,1069000,1.4501,1065000,126,1063000,11,1060000,0.9329,1059000,1.2434,1057000,23.5461,1056000,13.6394,1055000,6.2804,1054000,12.098,1053000,11.33
25316500,1065000,126,1064000,2.94,1062000,12.8272,1060000,0.9329,1059000,0.7464,1058000,0.0277,1057000,13.3152,1056000,13.6394,1055000,6.2615,1054000,2.1169
25316501,1071000,1,1069000,1.4501,1065000,127.8272,1064000,13.94,1060000,0.9329,1059000,5.143,1058000,14.8872,1057000,8.6535,1056000,13.6582,1055000,7.2655
25316503,1065000,126,1064000,11.059,1063000,11,1062000,1.8272,1060000,1.3232,1059000,2.8157,1058000,14.7872,1057000,8.3535,1056000,13.6394,1055000,6.2804
25316504,1069000,1.4501,1065000,129.94,1064000,8.119,1063000,11,1060000,0.6616,1059000,5.3924,1058000,15.7606,1057000,7.5749,1056000,14.2394,1055000,6.0804
25316505,1069000,1.4501,1066000,2.94,1065000,127,1064000,20.9462,1060000,0.5363,1059000,5.3924,1058000,15.7606,1057000,9.5749,1056000,12.6394,1055000,5.2804
25316506,1069000,1.4501,1067000,2.94,1065000,127,1064000,9.9462,1063000,11,1060000,12.5647,1059000,5.7924,1058000,15.7606,1057000,10.1749,1056000,12.6582
25316507,1072000,0.7919,1071000,118,1069000,1.4501,1068000,34.94,1065000,17.762,1062000,11.2846,1059000,3.7746,1058000,16.7606,1057000,8.5749,1056000,12.6394
25316508,1070000,2.94,1069000,1.4501,1068000,11,1067000,22,1065000,9.3492,1059000,4.3748,1058000,32.4783,1057000,10.1749,1056000,15.5794,1055000,4.9615
25316509,1070000,2.94,1069000,0.5,1068000,11,1067000,26.98,1065000,8.3492,1059000,33.2959,1058000,15.4783,1057000,8.5749,1056000,15.5794,1055000,5.9615
25316510,1071000,118.9405,1070000,3.8901,1069000,0.5,1068000,12,1065000,46.4817,1062000,22.991,1060000,7.6568,1059000,14.8544,1058000,16.084,1057000,8.5749
25316511,1072000,0.7919,1071000,118.9405,1069000,1.4501,1068000,14.94,1065000,48.9117,1060000,32.1738,1059000,4.8734,1058000,17.6652,1057000,9.5937,1056000,13.0186
25316512,1072000,0.7919,1071000,119.8906,1069000,0.5,1068000,14.94,1065000,35.2561,1061000,4.3762,1060000,28.8435,1059000,4.8457,1058000,16.0652,1057000,8.5937
25316513,1072000,0.7919,1071000,119.8906,1069000,4.44,1068000,11,1065000,29.7976,1061000,9.3228,1060000,28.8435,1059000,4.8457,1058000,16.0652,1057000,8.5937
25316514,1071000,119.8906,1069000,3.44,1068000,13.3371,1066000,18.54,1065000,20.1525,1062000,7.3383,1061000,3.2446,1060000,28.8435,1059000,4.8457,1058000,16.0652
25316515,1071000,119.8906,1069000,19.1944,1068000,11,1066000,8.028,1065000,22.0763,1062000,6.5296,1061000,3.2446,1060000,25.5819,1059000,7.2457,1058000,16.084
25316516,1071000,119.8906,1069000,19.1944,1068000,11,1066000,26.568,1065000,20.1525,1062000,2.6707,1061000,5.697,1060000,26.7542,1059000,5.4457,1058000,16.0652
25316517,1072000,0.7919,1071000,119.8906,1069000,18.1944,1068000,12,1065000,40.6163,1062000,6.6897,1061000,5.697,1060000,25.5542,1059000,6.1457,1058000,16.084
25316518,1071000,119.8906,1069000,19.1944,1068000,11,1067000,20.4638,1065000,20.1525,1062000,8.7731,1061000,3.2446,1060000,24.555,1059000,5.4457,1058000,16.084
25316519,1072000,0.7919,1071000,120.8906,1069000,18.1944,1068000,11,1065000,20.1525,1062000,5.2106,1061000,26.2446,1060000,26.838,1059000,5.4457,1058000,16.084
25316520,1072000,0.7919,1071000,120.8906,1069000,18.1944,1068000,11,1065000,20.1525,1064000,11.3554,1063000,10,1062000,2.7772,1061000,1.2,1060000,2.838
25316521,1072000,1.742,1071000,118.9405,1069000,16.2544,1068000,13.0986,1065000,11.1325,1064000,8.6352,1063000,10,1062000,2.7772,1061000,0.0187,1060000,2.838
25316522,1071000,118.9405,1070000,2.94,1069000,17.2544,1068000,13.0986,1065000,14.0854,1064000,5.749,1063000,10,1062000,10.6222,1061000,1.6,1060000,1.238
25316523,1071000,118.9405,1070000,2.94,1069000,17.2544,1068000,13.0986,1065000,11.59,1064000,10.5799,1063000,10,1062000,4.3772,1061000,0.0187,1060000,11.238
25316524,1071000,119.8906,1070000,2.94,1069000,16.2544,1068000,19.368,1065000,9.0363,1064000,1.6009,1063000,10,1062000,10.5815,1061000,4.3813,1060000,11.238
25316525,1071000,118.9405,1070000,2.94,1069000,16.2544,1068000,19.368,1065000,8.7455,1064000,1.3101,1063000,10,1062000,6.562,1061000,4.3813,1060000,11.238
25316526,1071000,2.8906,1070000,2.94,1069000,12.5,1068000,10.2736,1065000,8.7455,1064000,0.326,1063000,10,1062000,2.7495,1061000,4.3813,1060000,11.238
25316527,1071000,12.9405,1070000,2.94,1069000,3.5986,1068000,0.1,1065000,9.3703,1064000,25.6124,1062000,10.8045,1061000,4.3813,1060000,14.2068,1059000,2.0779
25316528,1071000,13.9405,1070000,2.94,1069000,0.5,1068000,10.2456,1065000,2.7686,1064000,25.6124,1062000,2.7495,1061000,4.3813,1060000,14.2068,1059000,2.0779
25316529,1071000,13.9405,1070000,4.9745,1069000,0.5,1068000,10.4346,1065000,2.7686,1064000,25.9089,1062000,0.1255,1061000,0.7,1060000,14.2068,1059000,2.0779
25316530,1072000,0.7919,1071000,21.2928,1070000,2.94,1069000,0.5,1068000,2.1987,1064000,25.2254,1062000,18.9638,1061000,0.0187,1060000,13.0068,1059000,2.0591
25316531,1072000,0.7919,1071000,12.9405,1070000,17.6944,1069000,0.5,1068000,0.0001,1065000,6.9929,1064000,24.981,1063000,23,1062000,2.9442,1061000,0.3
25316532,1072000,0.7919,1071000,12.9405,1070000,17.6944,1069000,0.5,1068000,0.0001,1065000,6.9929,1064000,32.8392,1062000,8.7933,1061000,0.3187,1060000,13.0068
25316533,1072000,0.7919,1071000,13.9405,1070000,46.1044,1069000,0.5,1068000,0.0001,1065000,3.6166,1064000,24.5143,1062000,8.7933,1061000,0.3,1060000,13.0068
25316534,1072000,0.7919,1071000,12.9405,1070000,17.6944,1069000,0.5,1068000,0.0001,1065000,8.9929,1064000,41.2933,1062000,2.9255,1061000,0.3187,1060000,10.038
25316535,1071000,12.9405,1070000,2.94,1069000,0.5,1068000,0.0001,1067000,0.4668,1065000,10.9552,1064000,12.3133,1062000,2.9255,1061000,0.3187,1060000,10.038
25316536,1072000,0.7919,1071000,16.778,1070000,2.94,1069000,0.5377,1068000,0.0001,1065000,35.9452,1064000,12.3133,1062000,2.9442,1061000,0.3,1060000,10.038
25316537,1072000,0.7919,1071000,19.1305,1070000,2.9777,1069000,0.5,1068000,0.0001,1065000,8.0166,1064000,12.3133,1063000,0.0187,1062000,0.1255,1061000,0.3
25316538,1072000,0.7919,1071000,45.3564,1070000,2.94,1069000,0.5377,1068000,0.0001,1065000,7.96,1064000,17.5564,1063000,2.8187,1062000,0.1255,1061000,0.3
25316539,1072000,0.7919,1071000,13.8441,1069000,0.5,1068000,2.9401,1066000,0.8539,1065000,2.6166,1064000,16.5564,1063000,25.78,1062000,0.1255,1061000,0.3187
25316540,1072000,0.7919,1071000,2.8452,1069000,11.5,1068000,2.9401,1066000,0.8539,1064000,20.9257,1062000,9.4455,1061000,0.3187,1060000,10.038,1059000,2.0591
25316541,1073000,4.3736,1072000,0.7919,1071000,3.8452,1069000,11.5,1068000,34.732,1064000,9.7917,1062000,0.1255,1061000,2.5,1060000,10.0568,1059000,2.0591
25316542,1073000,4.3736,1072000,0.7919,1071000,2.8906,1069000,11.5,1068000,17.6137,1061000,7.2832,1060000,12.838,1059000,2.0591,1058000,19.2587,1057000,9.7098
25316543,1069000,1.4501,1068000,3.51,1067000,17.6484,1065000,7.882,1061000,0.712,1060000,8.2776,1059000,33.2021,1058000,19.2399,1057000,12.5286,1056000,25.7413
25316544,1069000,0.5,1068000,0.57,1067000,14.94,1066000,9.0753,1061000,0.9368,1060000,0.5448,1059000,2.0591,1058000,48.4399,1057000,9.7098,1056000,25.7601
25316545,1071000,1.9405,1069000,0.5,1068000,0.57,1067000,3.94,1066000,34.535,1060000,2.0347,1059000,2.0591,1058000,20.8587,1057000,10.9098,1056000,25.7413
25316546,1071000,1.9405,1069000,1.4501,1068000,0.57,1067000,3.94,1066000,12.8011,1060000,1.4266,1059000,32.0641,1058000,21.1399,1057000,9.7286,1056000,25.7413
25316547,1071000,118.9405,1069000,1.4501,1067000,4.94,1066000,11.8011,1063000,24.0888,1061000,2.021,1060000,1.502,1059000,2.0591,1058000,22.0399,1057000,9.7286
25316548,1071000,119.8906,1069000,11.5,1067000,3.94,1066000,4.8471,1063000,0.0936,1061000,2.3512,1060000,1.1718,1059000,2.0591,1058000,48.5387,1057000,12.5098
25316549,1069000,11.5,1067000,3.94,1066000,0.8011,1065000,4.3762,1063000,0.0936,1061000,1.5209,1060000,1.1718,1059000,31.0391,1058000,19.5399,1057000,12.5098
25316550,1071000,201.208,1069000,11.5,1067000,25.94,1066000,9.0891,1063000,0.0936,1061000,0.3809,1060000,1.1718,1059000,2.0591,1058000,19.5399,1057000,12.5098
25316551,1071000,202.1581,1069000,27.2544,1067000,2.94,1066000,13.4263,1063000,0.0936,1060000,1,1059000,4.037,1058000,27.2299,1057000,9.7098,1056000,25.7413
25316552,1071000,202.1581,1069000,12.5,1067000,2.94,1066000,54.9304,1063000,0.0936,1059000,26.7756,1058000,26.9299,1057000,12.5098,1056000,2.6394,1055000,3.3363
25316553,1071000,202.1581,1069000,12.5,1067000,2.94,1066000,5.1773,1063000,0.3936,1059000,3.7912,1058000,54.9199,1057000,12.5098,1056000,2.6394,1055000,3.3363
25316554,1071000,202.1581,1069000,12.5,1066000,0.8011,1064000,12.2062,1063000,1.3836,1059000,4.5993,1058000,19.2399,1057000,10.9098,1056000,2.6582,1055000,3.3175
25316556,1071000,202.1581,1069000,1.4501,1068000,3.94,1066000,16.1773,1063000,1.6836,1059000,32.6913,1058000,20.8399,1057000,16.132,1056000,2.6394,1055000,6.2575
25316557,1071000,202.1581,1069000,0.5,1068000,3.94,1066000,16.1773,1063000,1.6836,1059000,37.3445,1058000,19.2587,1057000,17.7132,1056000,2.6394,1055000,6.2575
25316557,1071000,202.1581,1069000,0.5,1068000,3.94,1066000,16.1773,1063000,1.6836,1059000,17.1838,1058000,19.2399,1057000,17.7132,1056000,2.6394,1055000,6.2763
25316558,1069000,0.5,1068000,14.94,1066000,22.4911,1064000,12.7502,1063000,1,1059000,40.598,1058000,19.2499,1057000,17.732,1056000,2.6394,1055000,3.3175
25316559,1069000,0.5,1068000,3.94,1067000,7.774,1066000,15.8773,1063000,1,1059000,40.2693,1058000,19.2499,1057000,17.7132,1056000,2.6394,1055000,3.3363
25316560,1071000,201.1581,1069000,0.5,1068000,3.94,1066000,15.8773,1063000,1,1059000,17.2763,1058000,19.2499,1057000,17.732,1056000,2.6394,1055000,3.3175
25316562,1071000,201.1581,1069000,0.5,1068000,3.94,1066000,15.8773,1063000,1,1059000,17.2763,1058000,20.8499,1057000,16.132,1056000,2.6394,1055000,3.3175
25316563,1071000,200.208,1069000,1.4501,1066000,4.4411,1065000,8.111,1063000,15.3762,1058000,17.7869,1057000,17.7132,1056000,2.6394,1055000,3.3363,1054000,0.398
25316564,1069000,1.4501,1066000,1.5011,1064000,2.94,1063000,1,1062000,35.3254,1058000,19.2803,1057000,14.9132,1056000,5.4394,1055000,3.3175,1054000,0.4169
25316565,1069000,1.4501,1066000,1.5011,1064000,9.9931,1063000,5.3762,1062000,12.7824,1058000,19.7803,1057000,14.9132,1056000,3.4394,1055000,3.3175,1054000,0.4169
25316566,1066000,1.5011,1064000,4.5531,1063000,1,1062000,12.7824,1061000,24.99,1058000,15.5817,1057000,14.9132,1056000,2.6394,1055000,5.9175,1054000,0.4169
25316567,1063000,1,1062000,28.001,1061000,1.7753,1060000,7.797,1058000,8.8766,1057000,14.9711,1056000,2.6394,1055000,3.3175,1054000,0.398,1053000,13.13
25316568,1063000,2.9126,1062000,0.071,1061000,4.4401,1059000,2.94,1057000,0.5722,1056000,1.526,1055000,8.5308,1054000,0.398,1053000,10.33,1052000,2.833
25316569,1063000,1.9501,1062000,0.071,1061000,9.7822,1057000,1.8512,1056000,9.3304,1054000,0.398,1053000,10.33,1052000,2.833,1051000,21.8189,1050000,43.5066
25316570,1061000,1.0639,1060000,14.0575,1057000,1.8512,1056000,1.0952,1055000,0.7006,1054000,0.7863,1053000,10.33,1052000,3.433,1051000,21.8,1050000,43.5255
25316571,1061000,1.0639,1060000,1.2287,1057000,14.5842,1056000,1.16,1054000,0.1483,1053000,10.33,1052000,2.833,1051000,20.6,1050000,45.5066,1049000,3.3929
25316572,1062000,0.071,1061000,1.0639,1060000,1,1057000,11.3102,1056000,11.0648,1054000,1.1723,1053000,10.33,1052000,2.833,1051000,20.6,1050000,43.5066
25316573,1061000,12.0639,1060000,1,1057000,11.3102,1056000,0.0648,1055000,1.0535,1053000,1.3057,1052000,2.833,1051000,20.6,1050000,57.7066,1049000,4.9739
25316574,1061000,0.0639,1060000,1,1057000,3.5842,1056000,0.0648,1055000,27.1602,1051000,20.6,1050000,59.4066,1049000,3.3739,1048000,1.9172,1047000,20.53
25316575,1061000,0.0639,1060000,1,1057000,3.5842,1056000,0.0648,1055000,51.0862,1052000,0.3,1051000,15.12,1050000,56.6066,1049000,3.3739,1048000,4.6982
25316576,1056000,1.0648,1055000,9.0308,1054000,2.8735,1053000,0.9952,1052000,2.7546,1051000,15.1079,1050000,43.6066,1049000,3.3739,1048000,4.6982,1047000,20.549
25316577,1056000,0.0648,1055000,9.0308,1054000,2.8735,1053000,0.9952,1052000,0.9546,1051000,24.0129,1050000,40.3979,1049000,3.3739,1048000,4.7172,1047000,20.53
25316578,1061000,1.014,1060000,2,1057000,3.5842,1056000,0.0648,1055000,9.0308,1052000,12,1051000,25.2125,1050000,40.3979,1049000,3.3739,1048000,4.7172
25316579,1060000,2,1057000,3.5842,1056000,0.0648,1055000,9.3659,1052000,1.7943,1051000,25.2125,1050000,40.3979,1049000,4.3739,1048000,4.6982,1047000,20.549
25316580,1061000,0.0639,1060000,2.2058,1057000,3.5842,1056000,0.0648,1055000,1.1533,1052000,9.1708,1051000,25.2125,1050000,41.3979,1049000,4.3739,1048000,4.6982
25316581,1061000,0.0639,1060000,2.2058,1057000,6.0716,1056000,0.0648,1055000,8.8423,1052000,6.9436,1051000,25.1125,1050000,41.3979,1049000,4.3739,1048000,4.6982
25316582,1060000,2.2058,1057000,6.0716,1056000,0.0648,1055000,5.5677,1054000,8.213,1051000,1.6409,1050000,41.3979,1049000,4.3739,1048000,3.6982,1047000,20.53
25316583,1061000,1.014,1060000,2.7178,1057000,6.0716,1056000,0.0648,1055000,5.5677,1051000,2.973,1050000,38.6979,1049000,4.3739,1048000,0.8982,1047000,23.33
25316584,1057000,3.1316,1056000,3.0048,1055000,1.1916,1053000,8.312,1052000,0.0346,1051000,2.973,1050000,38.6979,1049000,4.3739,1048000,2.6014,1047000,23.33
25316585,1057000,3.1316,1056000,0.0648,1055000,8.5077,1052000,0.0346,1051000,2.0538,1050000,38.2464,1049000,4.3439,1048000,2.6014,1047000,23.33,1046000,0.2588
25316586,1056000,0.0648,1055000,1.1916,1054000,2.94,1052000,12.3217,1051000,0.1395,1050000,33.451,1049000,4.3439,1048000,2.6014,1047000,20.53,1046000,0.2588
25316587,1056000,0.0648,1055000,1.1916,1054000,2.94,1052000,7.9456,1051000,0.1295,1050000,33.0034,1049000,3.3439,1048000,2.6014,1047000,20.53,1046000,0.2588
25316588,1056000,0.0648,1055000,1.1916,1054000,2.94,1052000,2.3116,1051000,12.3776,1050000,28.1381,1049000,2.3439,1048000,3.6014,1047000,20.53,1046000,0.2588
25316589,1057000,4.1316,1056000,0.0648,1055000,1.1916,1054000,7.3161,1052000,0.0678,1048000,0.28,1047000,22.2357,1046000,5.3113,1045000,46.0105,1044000,3.3478
25316590,1056000,0.0648,1055000,2.1916,1054000,26.94,1052000,0.0678,1051000,2,1049000,2.129,1047000,20.5,1046000,0.4424,1045000,53.7228,1044000,1.7668
25316591,1056000,0.0648,1055000,2.1916,1054000,5.4274,1052000,0.0678,1051000,9.8138,1049000,0.329,1047000,20.5,1046000,8.7104,1045000,53.8228,1044000,1.7668
25316592,1056000,0.0648,1055000,2.1417,1054000,5.4274,1052000,0.0678,1051000,11.2658,1049000,0.029,1047000,31.7621,1046000,8.8554,1045000,53.1228,1044000,4.3668
25316593,1054000,6.4274,1052000,4.4439,1051000,0.2463,1050000,0.3269,1049000,0.0719,1047000,20.8,1046000,0.4424,1045000,53.6228,1044000,4.8478,1043000,1.1
25316594,1055000,1.1916,1054000,6.4274,1052000,4.4439,1051000,8.6113,1050000,0.0269,1047000,20.7741,1046000,23.9424,1045000,32.7228,1044000,19.0674,1043000,1.1191
25316595,1054000,14.3881,1052000,0.2736,1051000,0.5963,1050000,8.2239,1049000,0.2734,1047000,20.7741,1046000,23.9424,1045000,31.1228,1044000,21.6674,1043000,1.1191
25316596,1054000,9.9607,1053000,9.6118,1052000,0.2736,1051000,8.5953,1050000,12.6719,1047000,17.1578,1046000,0.9424,1045000,31.1228,1044000,5.8478,1043000,0.8
25316598,1055000,2.1417,1054000,8.9607,1052000,26.2636,1051000,0.5963,1050000,15.1493,1047000,7.1139,1046000,10.9624,1045000,31.6228,1044000,3.0478,1043000,1.3
25316598,1055000,13.1417,1054000,13.9007,1052000,0.2736,1051000,0.5963,1050000,15.1711,1046000,0.3666,1045000,49.9658,1044000,5.8478,1043000,1.3,1042000,0.4317
25316599,1055000,2.1417,1054000,13.9007,1052000,11.2736,1051000,10.0406,1050000,51.0581,1045000,29.5213,1044000,3.0478,1043000,3.4,1042000,2.1126,1041000,4.3082
25316600,1054000,13.9007,1052000,0.2736,1051000,10.0406,1050000,118.9866,1049000,8.07,1045000,24.0848,1044000,4.6645,1043000,1.8,1042000,4.7126,1041000,1.3682
25316601,1054000,13.8508,1052000,0.2736,1051000,0.5963,1050000,91.6205,1049000,12.4734,1043000,54.291,1042000,5.2126,1041000,4.9908,1040000,54.8331,1039000,8.2592
25316602,1054000,13.8508,1052000,0.2736,1051000,0.5963,1050000,92.6205,1049000,38.9212,1043000,20.4824,1042000,4.0337,1041000,7.1491,1040000,54.8331,1039000,8.2783
25316603,1052000,1.2237,1051000,0.5963,1050000,9.353,1049000,85.7778,1048000,30.986,1043000,20.4382,1042000,7.0577,1041000,7.1491,1040000,54.8331,1039000,8.2783
25316604,1051000,0.3798,1050000,9.353,1049000,2.5103,1048000,3,1047000,27.3761,1043000,2.54,1042000,7.0577,1041000,7.1491,1040000,51.8931,1039000,8.2783
25316605,1049000,3.5103,1048000,6.376,1047000,23,1045000,0.2165,1044000,1.9884,1043000,0.4956,1042000,7.5577,1041000,4.3491,1040000,59.3731,1039000,9.4783
25316606,1051000,0.3798,1050000,9.353,1049000,3.5103,1048000,35.356,1045000,7.9645,1042000,6.8,1041000,4.3491,1040000,56.3331,1039000,8.2592,1038000,15.3393
25316607,1050000,9.353,1049000,0.0229,1048000,24,1046000,7.886,1045000,4.4263,1042000,7.3,1041000,5.3491,1040000,54.3931,1039000,8.7592,1038000,14.3393
25316608,1051000,0.3798,1050000,9.353,1049000,0.0229,1048000,7.366,1045000,7.1629,1042000,8.3,1041000,6.3491,1040000,57.7122,1039000,12.1992,1038000,12.0393
25316609,1050000,10.353,1049000,0.0229,1048000,6.366,1046000,4.9525,1045000,0.5186,1043000,37.0092,1042000,14.8784,1041000,6.8191,1040000,54.9122,1039000,9.2592
25316610,1054000,8.9607,1053000,27.99,1052000,4.2136,1051000,0.3798,1050000,10.3021,1043000,18.0164,1042000,20.2535,1041000,6.8191,1040000,56.8931,1039000,9.2592
25316611,1055000,1.1916,1054000,9.9607,1052000,4.2136,1051000,0.3798,1050000,9.6989,1046000,1.6,1045000,14.2105,1044000,8.4226,1043000,3.4299,1042000,7.9709
25316612,1060000,3.012,1057000,0.6442,1056000,0.0648,1055000,9.5016,1054000,8.0506,1051000,44.1722,1050000,2.0979,1048000,0.019,1047000,2.851,1045000,12.1752
25316613,1061000,0.5639,1060000,2.512,1057000,0.6442,1056000,0.0648,1055000,2.0575,1054000,12.3052,1052000,3,1051000,4.6219,1050000,2.0979,1049000,1.3924
25316614,1061000,3.5039,1060000,3.512,1057000,0.6442,1056000,0.0648,1055000,11.3922,1051000,0.2258,1050000,1.1988,1048000,7.9483,1047000,0.019,1046000,1.4217
25316615,1061000,3.5039,1060000,3.512,1057000,0.6442,1056000,0.0648,1055000,8.6893,1049000,0.261,1048000,5.8066,1047000,0.019,1046000,29.4117,1045000,20.7347
25316616,1061000,3.5039,1060000,3.512,1057000,0.6442,1056000,1.709,1055000,5.6893,1050000,23.261,1049000,0.4,1048000,4.4979,1047000,0.019,1046000,9.1489
25316617,1061000,0.5639,1060000,3.8549,1057000,2.0291,1056000,2.709,1055000,0.1042,1051000,23.1263,1050000,1.0187,1048000,3.2979,1046000,9.1489,1045000,20.7347
25316618,1060000,9.3423,1057000,0.6442,1056000,2.709,1055000,3.0907,1053000,0.3031,1051000,27.0005,1050000,0.019,1049000,3.0632,1048000,33.0066,1046000,9.1489
25316620,1061000,3.5039,1060000,30.3423,1059000,9.5311,1057000,9.7342,1056000,2.1678,1055000,16.5375,1054000,4.1184,1053000,0.0274,1051000,1.2,1050000,4.4992
25316621,1062000,4.011,1061000,0.5639,1060000,30.3423,1059000,9.026,1057000,13.6843,1055000,13.6664,1054000,4.1184,1053000,0.0274,1052000,1.4,1051000,0.0189
25316621,1061000,0.5639,1060000,7.3423,1059000,1,1058000,31.12,1057000,13.7028,1055000,13.6664,1054000,4.1184,1053000,0.0274,1052000,2.4,1051000,0.0189
25316622,1061000,0.5639,1060000,7.3423,1059000,1,1058000,16.2562,1057000,9.7527,1055000,18.1479,1053000,0.0274,1050000,7.8849,1049000,0.2992,1048000,33.0066
25316623,1061000,3.0513,1060000,4.8549,1059000,1,1057000,43.1088,1054000,0.0001,1050000,28.4849,1049000,3.0802,1048000,33.0256,1046000,9.1489,1045000,22.6764
25316624,1061000,5.9913,1060000,5.7166,1059000,1,1057000,39.7327,1056000,14.5659,1054000,0.4165,1050000,35.4592,1049000,2.81,1048000,34.0313,1046000,21.4056
25316625,1060000,5.7166,1059000,1,1057000,10.7527,1056000,2.0167,1054000,13.2168,1050000,27.4802,1049000,2.81,1048000,34.0313,1046000,9.4056,1045000,7.832
25316626,1060000,6.7166,1059000,1,1057000,17.2475,1056000,2.0167,1054000,13.2068,1050000,49.4804,1049000,3.81,1048000,33.0066,1047000,0.019,1046000,9.3719
25316627,1061000,3.0513,1060000,6.7166,1057000,17.2475,1056000,2.0167,1054000,8.8407,1051000,9.5161,1050000,27.9756,1049000,3.81,1048000,33.0066,1047000,0.019
25316628,1061000,3.0513,1060000,5.7166,1057000,16.8825,1056000,14.5458,1054000,8.8407,1051000,14.5261,1050000,4.4802,1049000,3.81,1048000,34.028,1047000,1
25316629,1061000,0.5639,1060000,6.7166,1057000,12.2401,1056000,33.3928,1054000,8.8407,1051000,14.5261,1050000,13.6101,1049000,3.829,1048000,33.0066,1047000,1
25316630,1060000,6.7166,1057000,12.2401,1056000,2.0167,1055000,8.407,1054000,12.8554,1051000,1.4611,1050000,5.8428,1049000,25.8,1048000,34.0066,1047000,1.019
25316631,1060000,5.8549,1057000,9.7527,1056000,2.0167,1055000,23,1054000,9.9407,1051000,2.7626,1050000,6.834,1049000,1.01,1048000,34.0066,1047000,1.019
25316632,1060000,5.7166,1057000,10.7527,1056000,2.0167,1055000,8.347,1054000,9.9407,1050000,5.4237,1049000,1.01,1048000,35.01,1047000,2.619,1046000,42.3773
25316633,1060000,5.7243,1057000,10.7527,1056000,2.0167,1055000,10.3214,1054000,5.916,1051000,1.0392,1050000,12.4237,1049000,1.01,1048000,34.0089,1047000,3.819
25316634,1057000,10.7527,1056000,2.0167,1055000,2.4874,1054000,5.916,1051000,0.0001,1050000,13.7237,1049000,1.01,1048000,35.6089,1047000,2.219,1046000,41.3902
25316635,1060000,5.7243,1057000,10.7527,1056000,2.0167,1055000,2.4874,1054000,5.916,1050000,38.4137,1049000,1.01,1048000,35.0117,1047000,3.819,1046000,41.3919
25316636,1060000,5.7243,1057000,32.7427,1056000,2.0167,1055000,6.8635,1054000,6.0172,1050000,14.3557,1049000,1.029,1048000,34.0089,1047000,3.8,1046000,41.3919
25316645,1061000,5.3733,1060000,2.025,1057000,16.8178,1056000,2.0167,1054000,0.1387,1051000,3.8019,1050000,4.631,1049000,0.2,1048000,33.423,1046000,21.1489
25316648,1062000,34.8923,1061000,0.5639,1060000,2.025,1058000,1,1057000,75.8422,1054000,12.6833,1050000,19.6416,1049000,1.2237,1048000,36.1051,1046000,9.1489
25316649,1060000,2.025,1058000,1,1057000,17.8162,1055000,31.234,1054000,1.2706,1050000,6.4033,1049000,1.2047,1048000,45.3051,1047000,1.219,1046000,9.1489
25316650,1061000,0.5639,1060000,2.8944,1057000,54.4522,1055000,12.5641,1054000,1.2706,1050000,70.3809,1049000,0.2,1048000,46.33,1047000,2.9,1046000,9.1489
25316651,1061000,0.5639,1060000,2.8944,1057000,47.9291,1056000,8.26,1054000,1.3538,1051000,15.4094,1050000,45.9008,1049000,0.2,1048000,34.33,1047000,0.1
25316652,1061000,0.5639,1060000,3.8944,1057000,16.8178,1055000,12.3591,1054000,4.0731,1052000,24.9163,1051000,19.2603,1050000,43.1359,1049000,0.2,1048000,36.1051
25316653,1060000,3.8944,1057000,36.7978,1056000,23,1055000,8.188,1054000,4.5299,1052000,24.5967,1051000,2,1050000,8.1352,1049000,3,1048000,33.3051
25316654,1062000,34.0229,1061000,0.5639,1060000,5.8344,1057000,42.1739,1054000,12.5079,1052000,6.6944,1050000,9.1347,1049000,0.2,1048000,34.0104,1047000,3.1766
25316655,1059000,2.94,1057000,17.8178,1054000,27.5299,1053000,0.2078,1052000,5.5334,1050000,7.1347,1049000,0.2,1048000,61.0105,1047000,2.9,1046000,9.1489
25316656,1060000,2.025,1059000,2.94,1057000,17.6872,1054000,27.5299,1052000,19.9564,1050000,0.5192,1049000,5.2,1048000,62.8575,1047000,2.9,1046000,9.6489
25316654,1062000,34.0229,1061000,0.5639,1060000,5.8344,1057000,42.1739,1054000,12.5079,1052000,6.6944,1050000,9.1347,1049000,0.2,1048000,34.0104,1047000,3.1766
25316657,1060000,2.025,1057000,18.6872,1054000,27.5299,1052000,15.724,1051000,5.5334,1050000,0.5192,1049000,0.2,1048000,70.5556,1047000,2.9,1046000,10.6545
25316658,1060000,2.8944,1057000,17.8178,1054000,31.906,1052000,2,1051000,5.3093,1049000,8.539,1048000,63.3555,1047000,2.9,1046000,9.6679,1045000,7.7464
25316654,1062000,34.0229,1061000,0.5639,1060000,5.8344,1057000,42.1739,1054000,12.5079,1052000,6.6944,1050000,9.1347,1049000,0.2,1048000,34.0104,1047000,3.1766
25316659,1061000,0.5639,1060000,2.8944,1057000,17.8178,1054000,39.905,1051000,1.8478,1050000,0.0348,1049000,0.2,1048000,43.8005,1047000,2.919,1046000,9.6489
25316660,1061000,3.5039,1060000,2.8944,1057000,16.8178,1054000,4.5299,1053000,62.3291,1050000,15.8536,1049000,5.2,1048000,4.3636,1047000,2.9,1046000,9.6489
25316654,1062000,34.0229,1061000,0.5639,1060000,5.8344,1057000,42.1739,1054000,12.5079,1052000,6.6944,1050000,9.1347,1049000,0.2,1048000,34.0104,1047000,3.1766
25316661,1061000,0.5639,1060000,2.8944,1057000,16.8178,1054000,4.5299,1053000,32.073,1050000,14.3026,1049000,5.3,1048000,3.5066,1047000,2.9,1046000,9.6489
25316662,1061000,0.5639,1060000,2.8944,1057000,16.8178,1054000,5.5299,1053000,33.0133,1050000,33.7074,1049000,10.3,1048000,3.5066,1047000,2.9,1046000,9.6489
25316654,1062000,34.0229,1061000,0.5639,1060000,5.8344,1057000,42.1739,1054000,12.5079,1052000,6.6944,1050000,9.1347,1049000,0.2,1048000,34.0104,1047000,3.1766
25316663,1060000,2.8944,1057000,21.1939,1056000,25.98,1054000,13.8349,1053000,2.1,1050000,41.0854,1049000,10.3,1048000,3.5066,1047000,2.9,1046000,9.6679
25316654,1062000,34.0229,1061000,0.5639,1060000,5.8344,1057000,42.1739,1054000,12.5079,1052000,6.6944,1050000,9.1347,1049000,0.2,1048000,34.0104,1047000,3.1766
25316664,1060000,2.8944,1057000,16.8178,1056000,28,1054000,17.023,1053000,2.1,1050000,40.9679,1049000,10.2,1048000,3.5066,1047000,7.5436,1046000,9.6489
25316665,1060000,2.8944,1057000,16.8178,1056000,28,1054000,16.972,1053000,2.1,1050000,39.9087,1049000,5.2,1048000,3.5066,1047000,19.0499,1046000,12.4679
25316666,1060000,2.8944,1057000,17.8178,1054000,4.5299,1053000,2,1052000,27.3761,1050000,33.7509,1049000,5.2,1048000,3.6066,1047000,13.0408,1046000,12.4489
25316667,1060000,2.8944,1057000,17.8178,1054000,31.5299,1053000,2,1052000,11.7758,1050000,35.251,1049000,5.2,1048000,4.6085,1047000,13.0408,1046000,12.4489
25316668,1060000,2.8944,1057000,17.8178,1056000,21,1054000,12.4829,1053000,3.8059,1050000,44.2447,1049000,12.975,1048000,5.6104,1047000,13.0598,1046000,15.3889
25316669,1061000,0.5639,1060000,5.8914,1057000,16.8178,1054000,4.6299,1053000,1.99,1050000,42.7171,1049000,36.602,1048000,5.2256,1047000,16.2721,1046000,10.8489
25316670,1061000,0.5639,1060000,5.8914,1057000,21.1939,1056000,8.408,1054000,4.2099,1050000,83.298,1049000,8.019,1048000,3.6066,1047000,13.3321,1046000,9.6489
25316671,1061000,0.5639,1060000,3.8944,1057000,21.1939,1056000,8.408,1054000,9.4364,1050000,104.8902,1049000,10.94,1048000,15.6256,1047000,13.0408,1046000,9.9503
25316672,1065000,59.2106,1062000,34.0229,1061000,1.4333,1060000,3.025,1057000,25.2168,1053000,7.3687,1052000,27.3761,1051000,1.6,1050000,44.7959,1049000,9.34
25316673,1062000,35.8923,1061000,0.5639,1060000,28.005,1058000,23,1057000,0.7109,1053000,30.2469,1052000,8.046,1051000,1.2,1050000,31.3176,1049000,8.4777
25316674,1062000,34.0229,1061000,1.4333,1060000,2.025,1058000,2.6,1057000,23.35,1054000,2.2872,1053000,5.4079,1051000,5,1050000,20.5395,1049000,9.189
25316675,1065000,59.2106,1062000,34.0229,1061000,1.4333,1060000,3.155,1058000,54.39,1055000,3.0909,1054000,4.6946,1053000,0.1,1051000,5.1,1050000,20.6395
25316676,1062000,34.0229,1061000,1.4333,1060000,2.025,1058000,32.39,1057000,0.35,1054000,3.8659,1053000,0.2,1051000,35.1,1050000,19.5395,1049000,7.5047
25316677,1062000,34.0229,1061000,1.4333,1060000,2.025,1058000,2.6,1057000,52.94,1054000,12.3202,1053000,0.2,1052000,5,1051000,31.369,1050000,22.4985
25316678,1062000,34.8923,1061000,0.5639,1060000,3.025,1059000,23,1058000,35.9162,1054000,7.0227,1053000,8.437,1052000,7.9,1051000,24.1027,1050000,40.8985
25316679,1063000,1,1062000,35.0229,1061000,0.5639,1060000,2.025,1058000,2.7165,1056000,11.9133,1054000,4.531,1053000,1.2007,1052000,8.8333,1051000,23.3894
25316680,1063000,1,1062000,34.0229,1061000,0.5639,1060000,2.025,1059000,23,1054000,30.8485,1053000,1.2007,1052000,6.0333,1051000,25.6,1050000,40.8985
