25327620,994000,8.19,993000,1.0587,992000,14.1008,991000,33.6277,990000,0.02,987000,10.9393,986000,5,985000,8.0605,984000,3.2,983000,0.0202
25327621,994000,8.19,993000,2.0587,992000,14.1008,991000,23.6787,990000,0.2794,989000,0.0279,987000,17.95,986000,5,985000,8.0605,984000,2.6202
25327622,996000,0.31,995000,46.1081,994000,8.19,993000,2.0587,992000,14.1008,990000,6.7124,989000,10.0559,988000,8.04,987000,28,986000,2.4488
25327623,995000,46.1545,994000,8.19,993000,1.0647,992000,10.3591,991000,35.0742,989000,5.0559,987000,9.4233,986000,23,985000,15.3607,984000,4.4202
25327624,994000,8.19,993000,0.0647,992000,2.4536,991000,0.0295,990000,15.8813,988000,5,987000,36.402,985000,19.784,984000,1.1202,982000,32.6884
25327625,994000,8.19,993000,0.0647,992000,12.8224,991000,1.0295,990000,16.8131,987000,13.686,986000,8.026,985000,31.0605,984000,2.4,983000,0.0202
25327626,995000,46.1081,994000,8.19,993000,10.4335,992000,0.907,991000,0.0971,988000,14.0688,987000,49.796,985000,20.1161,984000,1.1,982000,32.6884
25327627,994000,8.19,993000,8.8177,992000,0.907,991000,0.0676,990000,21.7066,988000,11.2999,987000,18.854,985000,21.1959,983000,0.0202,982000,59.6918
25327628,994000,24.3529,993000,1.0647,992000,2.1683,991000,0.0676,990000,30.8544,987000,18.0613,986000,8.434,985000,9.0635,984000,2.4,982000,60.218
25327629,994000,24.3529,993000,9.8812,992000,2.1683,991000,0.0676,990000,39.6314,989000,0.5179,985000,17.3555,984000,2.1049,983000,2.4202,982000,33.2146
25327631,993000,19.7293,992000,0.6919,991000,0.0676,990000,28.5407,989000,4.7088,988000,12.3409,987000,12.779,985000,23.1965,984000,1.1,983000,0.0202
25327632,994000,25.1822,993000,9.8812,992000,0.5525,991000,0.0676,990000,17.7935,986000,29,985000,10.0645,984000,1.3,983000,1.1,982000,32.9549
25327633,994000,24.3529,993000,8.8812,992000,1.5607,991000,0.0676,990000,15.4173,988000,8.845,987000,5,986000,34.0516,985000,28.1605,984000,1.3
25327634,995000,46.1545,994000,24.3529,993000,8.8812,992000,16.978,991000,52.9888,986000,3.0016,985000,38.0057,983000,0.2709,982000,34.7984,981000,26.1279
25327635,994000,25.1822,993000,10.3812,992000,16.978,990000,31.158,989000,6.01,987000,5.1437,986000,6.5233,985000,31.9226,982000,43.5748,981000,28.0273
25327636,995000,45.9838,994000,24.3529,993000,19.6597,992000,27.2474,991000,3.078,988000,8.8526,987000,40.372,986000,2.1,985000,37.4757,984000,12.4
25327637,995000,54.433,994000,24.3529,993000,9.3812,992000,37.8421,991000,0.0525,989000,5.75,988000,25.0665,987000,5,986000,8.9,985000,31.9414
25327638,996000,4.0793,995000,46.1545,994000,33.6314,993000,11.5877,992000,27.5829,989000,20.6191,988000,16.6856,987000,36.8692,986000,7.1,985000,30.9395
25327639,996000,3.25,995000,54.433,994000,24.3529,993000,11.0877,992000,27.1524,989000,49.3342,988000,1.1,987000,28,986000,7.1,985000,32.2193
25327640,996000,1.31,995000,54.433,994000,24.3529,993000,11.6302,992000,0.0723,990000,7.3153,989000,39.476,988000,1.1,987000,31.5257,986000,7.1
25327641,997000,2.3817,996000,1.31,995000,45.1545,994000,24.3529,993000,32.1535,990000,7.3163,989000,23.1228,987000,35.9405,986000,7.1,985000,82.0301
25327642,997000,2.3817,996000,1.31,995000,15.1545,994000,24.3529,993000,26.0812,990000,10.5,989000,22.1228,987000,13.5209,986000,7.1,985000,82.0294
25327643,997000,5.3217,996000,0.31,995000,15.1545,994000,24.3529,993000,26.8743,990000,13.1879,989000,22.1228,987000,14.1393,986000,7.1,985000,78.0696
25327644,997000,6.3308,996000,0.31,995000,15.1545,994000,24.3529,993000,39.185,990000,13.8496,989000,14.2965,987000,11.7393,986000,8.4,985000,79.1696
25327645,996000,0.31,995000,16.1545,994000,24.3529,993000,23.965,992000,1.0338,990000,8.6305,989000,16.1416,987000,11.7393,986000,8.4,985000,78.8474
25327646,996000,0.31,995000,14.8168,994000,8.19,993000,50.8102,992000,6.2244,989000,8.0529,988000,8.129,987000,10.5459,986000,8.4,985000,78.8474
25327647,996000,3.25,995000,15.8168,994000,8.19,993000,49.9836,992000,1,989000,6.6948,988000,4.59,987000,38.6592,986000,7.1,985000,78.8676
25327648,996000,4.0793,995000,15.8168,994000,8.21,993000,32.5417,992000,32.0971,989000,0.4361,987000,37.568,986000,8.1031,985000,78.8676,982000,5.093
25327649,995000,22.0372,994000,8.21,993000,9.5417,992000,34.8199,990000,0.6766,989000,0.9916,987000,38.798,986000,8.1031,985000,81.8942,983000,0.0202
25327650,995000,18.0972,994000,11.4491,993000,9.8417,992000,10.6372,991000,22.1727,989000,0.4312,988000,7.9662,987000,27.2122,986000,12.2499,985000,79.3474
25327651,995000,14.8168,994000,8.5091,993000,9.8417,992000,10.6372,991000,19.2919,989000,1.0718,988000,7.9662,987000,6.23,986000,27.08,985000,83.9103
25327652,995000,17.7568,994000,9.5091,993000,9.8417,992000,10.6372,991000,8.3191,989000,2.2794,988000,9.4233,987000,6.23,986000,12.6583,985000,77.7474
25327653,996000,1.1393,995000,22.1271,994000,9.5091,993000,9.8417,991000,0.3191,990000,3.8607,989000,0.0718,988000,5,987000,7.33,986000,11.858
25327654,994000,8.5091,993000,9.8417,992000,10.6272,991000,0.9894,990000,5.8742,989000,1.3058,987000,35.6433,986000,12.6574,985000,77.7676,982000,4.9634
25327655,997000,3.4108,996000,4.25,995000,15.8168,994000,8.5091,993000,18.4202,991000,0.2853,990000,0.7571,989000,4.4951,988000,7.751,987000,15.7766
25327656,997000,3.4108,996000,4.25,995000,14.8168,994000,8.5091,993000,71.4202,991000,0.2853,990000,8.2359,989000,0.0718,987000,9.6337,986000,7.1
25327657,997000,4.2401,996000,0.31,995000,14.8168,994000,8.5091,993000,17.1102,992000,0.0281,991000,1.2443,990000,8.2359,989000,0.0718,988000,24.99
25327658,997000,7.1801,996000,0.31,995000,14.8168,994000,8.5091,993000,9.6739,992000,15.3055,991000,0.2853,990000,13.4079,989000,0.0718,987000,16.6
25327659,997000,4.0021,996000,0.31,995000,15.8168,994000,31.5091,993000,29.9647,992000,0.3915,991000,0.2853,990000,14.4974,989000,0.0718,988000,1.1
25327660,997000,3.9431,996000,0.31,995000,14.8168,994000,32.5091,993000,30.0308,992000,6.6846,991000,0.2,990000,10.6813,989000,0.0718,988000,6.5641
25327661,996000,0.31,995000,15.8168,994000,8.5091,993000,30.1916,992000,19.9734,991000,0.6847,990000,16.23,989000,0.0718,987000,11.8233,986000,13.0443
25327662,996000,3.25,995000,16.8168,994000,8.5091,993000,14.581,992000,38.3367,990000,16.5941,989000,5.0718,987000,10.9233,986000,13.5689,985000,77.7676
25327663,996000,1.31,995000,17.7568,994000,8.5091,993000,33.4866,992000,13.4459,990000,28.7614,989000,5.0718,987000,6.0029,986000,14.9645,985000,77.7474
25327664,996000,1.31,995000,17.7568,994000,8.5091,993000,34.5904,992000,14.3607,990000,25.5725,989000,5.0718,987000,6.4029,986000,13.8645,985000,77.7676
25327665,996000,2.31,995000,38.3129,994000,8.5091,993000,14.0343,992000,5.9839,990000,19.6848,989000,5.0718,987000,6.0032,986000,14.9645,985000,88.0896
25327666,997000,3.905,996000,5.25,995000,35.3729,994000,12.5458,993000,9.1165,991000,9.5504,990000,2.5385,989000,0.0718,987000,12.4376,986000,8.2
25327667,997000,3.1728,996000,4.25,995000,36.3729,994000,46.0932,993000,11.1165,991000,5.4342,990000,10.2499,989000,0.0718,987000,5,986000,10.525
25327668,997000,3.1728,996000,4.25,995000,44.2429,994000,46.0932,993000,11.1165,992000,0.3458,991000,30.7551,990000,4.0339,989000,0.0718,987000,5
25327669,997000,3.1728,996000,4.25,995000,22.6868,994000,47.0932,993000,31.7864,991000,33.1417,990000,25.8583,989000,1.0746,988000,1.1,987000,5
25327671,997000,3.1728,996000,3.25,995000,22.6868,994000,45.2767,993000,42.9338,991000,38.1103,990000,24.6661,989000,0.0718,988000,5.4256,987000,5
25327672,997000,3.1728,996000,0.31,995000,22.6868,994000,37.0934,993000,39.9656,991000,37.1103,990000,25.6674,989000,0.0718,987000,14.0955,986000,7.4249
25327673,997000,3.1728,996000,3.25,995000,22.6868,994000,45.2767,993000,41.1462,991000,35.7894,990000,20.2808,989000,0.0718,987000,14.1955,986000,7.4249
25327674,996000,3.25,995000,22.6868,994000,32.5091,993000,32.4485,992000,8.6311,991000,19.2595,990000,7.7104,989000,5.0718,987000,5,986000,8.7461
25327675,996000,3.25,995000,23.6868,994000,33.0552,993000,34.4158,992000,8.5979,991000,9.3788,990000,27.1211,989000,5.0718,987000,6.0042,986000,8.7461
25327676,997000,3.1728,996000,9.31,995000,23.6868,994000,35.9967,993000,26.5675,991000,9.3788,990000,19.9233,989000,0.0718,988000,3.9845,987000,12.4402
25327677,997000,3.1728,996000,9.31,995000,26.6268,994000,57.3923,993000,13.0838,991000,11.3788,990000,13.4638,989000,0.0718,988000,4.5529,987000,6.0041
25327678,997000,3.1728,996000,9.31,995000,18.7568,994000,35.7253,993000,15.4528,991000,11.2788,990000,13.4638,989000,0.0718,988000,10.3964,987000,6.0041
25327679,997000,3.905,996000,9.31,995000,17.7568,994000,9.5091,993000,30.0062,991000,2,990000,13.4638,989000,0.0718,988000,10.3964,987000,7.7202
25327680,997000,3.1728,996000,9.31,995000,18.7568,994000,14.1777,993000,27.3376,991000,2,990000,13.4638,989000,0.0718,988000,3.9845,987000,12.3962
25327681,999000,18.765,998000,29.2062,997000,3.1728,996000,1.31,995000,26.4941,990000,5,989000,30.4656,988000,1.6097,987000,6.0037,986000,8.2202
25327682,999000,9.765,998000,31.414,997000,3.1728,996000,0.31,995000,33.8762,991000,38.788,990000,3.3152,989000,7.4656,988000,2.7298,987000,15.3238
25327683,999000,12.705,998000,28.474,997000,3.1728,996000,0.31,995000,14.8295,991000,35.5265,990000,9.5617,989000,10,988000,5.2298,987000,5.6415
25327684,999000,9.765,998000,28.474,997000,6.1128,996000,23.31,995000,21.0171,992000,0.1845,991000,44.5973,990000,5.01,988000,3.2097,987000,5.6378
25327685,998000,28.474,997000,6.1228,996000,25.31,995000,34.4381,994000,9.6695,992000,0.1646,991000,43.5867,990000,14.0821,988000,5.9097,987000,5.6176
25327686,998000,29.474,997000,6.1228,996000,25.31,995000,17.283,994000,9.6369,992000,4.9976,991000,30.4796,990000,13.377,988000,5.9097,987000,5.6176
25327687,998000,28.474,997000,6.1228,996000,25.31,995000,28.3734,994000,6.7359,991000,5.6262,990000,37.3791,988000,5.9097,987000,5.6176,986000,7.6901
25327688,997000,3.1828,996000,2.31,995000,28.3734,994000,0.5465,993000,12.1282,991000,0.0366,990000,16.9494,989000,7.827,988000,2.1097,987000,4.4176
25327689,997000,3.1828,996000,2.31,995000,28.3734,994000,2,993000,4.0901,992000,21.4236,991000,1.8472,990000,30.6145,988000,4.8097,987000,1.7176
25327690,998000,28.474,997000,3.1828,996000,2.31,995000,19.283,994000,16.7726,993000,10.6633,992000,7.5589,991000,9.8472,990000,15.7825,989000,1.1
25327691,999000,9.765,998000,27.7418,997000,7.6061,996000,2.31,995000,11.5299,993000,5.674,992000,30.303,991000,0.6366,990000,15.7825,989000,1.1
25327692,999000,9.765,998000,27.7418,997000,3.1828,996000,29.7333,995000,4.5475,994000,7.8918,993000,12.5787,992000,23,991000,0.0366,990000,19.1825
25327693,1000000,156.4735,999000,9.765,998000,27.7418,997000,3.1828,996000,30.1796,994000,2.0427,993000,21.2894,992000,1.0022,991000,31.4596,990000,15.7825
25327694,1000000,158.4735,999000,19.0187,998000,31.2696,997000,7.6061,996000,7.31,994000,3.5778,993000,29.8484,992000,0.01,991000,26.749,990000,17.3137
25327695,1000000,158.4735,999000,9.765,998000,31.2696,997000,52.5961,996000,3.8024,993000,23.9832,992000,8.088,991000,24.049,990000,20.5859,988000,2.5223
25327696,999000,10.765,998000,28.3296,997000,6.1228,996000,29.7333,995000,1.6477,994000,0.955,993000,4.7046,992000,0.01,991000,1.0487,990000,26.0415
25327697,998000,47.139,997000,3.1828,996000,2.31,995000,12.3603,993000,0.5246,992000,0.01,991000,3.0487,990000,29.4341,988000,6.2793,986000,2.1202
25327698,998000,38.3296,997000,3.1828,996000,2.31,995000,36.3943,993000,2.0998,992000,0.01,991000,2.0466,990000,20.6287,988000,7.567,987000,3.8
25327699,998000,37.3296,997000,3.1828,996000,2.31,995000,9.9088,993000,59.5406,991000,2.0466,990000,19.6247,988000,7.567,986000,5.9,985000,79.053
25327700,997000,3.1828,996000,23.31,995000,4.997,994000,2.94,993000,12.9476,991000,2.0466,990000,24.6267,988000,5.4053,986000,5.9,985000,79.3789
25327701,997000,6.1217,996000,2.31,995000,12.88,994000,3.3633,993000,2.0234,991000,11.0895,990000,20.6267,988000,13.0205,987000,1,986000,4.2
25327702,997000,6.1217,996000,2.7333,995000,4.997,994000,2.94,993000,2.0234,991000,3.1466,990000,24.6262,988000,13.0205,987000,3.8,986000,3.4131
25327703,996000,22.29,995000,4.997,994000,2.94,993000,2.2684,992000,23,991000,10.2536,990000,20.6261,988000,13.0205,986000,3.3989,985000,90.153
25327704,997000,3.1828,996000,15.0424,995000,4.997,994000,10.696,993000,1.5729,990000,19.6247,988000,20.1029,986000,3.3989,985000,79.053,984000,13.8202
25327705,996000,2.855,995000,4.997,994000,10.696,993000,5.9221,991000,0.0591,990000,19.6247,988000,28.8637,986000,7.1989,985000,79.3024,984000,0.0202
25327706,997000,4.1828,996000,2.855,995000,33.377,994000,10.696,993000,1.5112,990000,19.8941,989000,1.0012,988000,27.3152,986000,3.3989,985000,87.1023
25327707,997000,3.1828,996000,0.855,995000,4.997,994000,13.05,993000,4.6063,990000,26.3926,988000,5.9342,986000,15.6227,985000,83.3023,984000,3.8
25327708,996000,0.31,995000,5.997,994000,13.05,993000,16.8372,990000,0.7736,988000,5.4053,986000,4.1041,985000,94.4986,984000,1.1,983000,0.0202
25327709,997000,4.1828,996000,22.8132,995000,4.997,994000,4.94,993000,4.2139,988000,51.2598,986000,4.1041,985000,83.8115,982000,8.2256,981000,17.2397
25327710,996000,0.31,995000,4.997,994000,4.94,993000,12.4139,992000,0.2712,988000,63.9309,986000,26.538,985000,83.053,984000,1.1,983000,0.0202
25327712,996000,0.31,995000,4.997,994000,7.3023,993000,1.4988,992000,30.1378,988000,53.9109,986000,3.1,985000,83.053,983000,3.8,982000,4.4053
25327713,997000,12.1828,996000,1.31,995000,4.997,994000,7.3023,993000,43.222,988000,7.7906,986000,3.1,985000,83.053,983000,3.8,982000,4.4053
25327714,996000,1.3093,995000,4.997,994000,7.3023,993000,25.4988,992000,0.365,988000,6.376,986000,7.0401,985000,83.053,982000,6.4053,981000,27.2397
25327715,993000,2.4988,992000,10.2423,991000,1,990000,30.856,988000,5.6927,986000,0.454,985000,83.053,983000,10,982000,4.4053,981000,18.0397
25327716,991000,1,990000,30.856,989000,4.4232,988000,2.4282,987000,1,986000,10.0978,985000,83.053,982000,5.5053,981000,17.6397,980000,17.6833
25327717,991000,1,990000,2.94,989000,8.382,988000,2.4282,987000,1.7024,986000,10.0968,985000,83.053,982000,4.4053,981000,17.2397,980000,21.4833
25327718,994000,10.9993,992000,1,991000,11.9949,988000,2.4282,987000,15.299,985000,73.3464,982000,4.4053,981000,17.2397,980000,18.463,979000,14.2671
25327719,994000,11.0136,992000,1,991000,8.5717,990000,22.5032,987000,19.7222,985000,0.4388,982000,1.46,981000,17.2397,980000,17.663,979000,15.8671
25327720,992000,1,991000,1.9993,987000,44.9847,985000,6.8127,982000,4.64,981000,17.2397,980000,25.854,979000,14.2671,978000,9.9121,977000,5.1963
25327721,992000,9,991000,1,987000,15.009,985000,9.7527,982000,3.9283,981000,23.2603,980000,17.663,979000,14.2671,978000,7.2121,977000,7.8759
25327722,994000,10.0136,991000,5.3008,987000,5.3519,986000,2.94,985000,11.91,982000,6.8422,981000,17.6,980000,20.463,979000,14.2671,978000,7.3121
25327723,994000,10.0136,991000,5.3008,987000,27.3419,986000,2.94,985000,11.91,982000,5.8923,981000,18.1,980000,28.263,979000,14.8671,978000,7.8121
25327724,995000,5.1483,994000,10.0136,991000,6.3008,987000,16.6083,985000,10.3966,982000,6.9129,981000,18.1,980000,28.263,979000,14.8671,978000,10.5121
25327725,995000,5.1483,994000,10.0136,991000,2.9993,987000,17.2678,985000,13.7191,981000,4.2758,980000,36.558,979000,14.8671,978000,10.5121,977000,5.7963
25327726,995000,5.1483,994000,10.0136,991000,1.9993,987000,10.5934,985000,68.7562,981000,3.5916,980000,18.3042,979000,34.6523,978000,17.8121,977000,18.4759
25327727,995000,5.1483,994000,10.0136,991000,1.9993,987000,11.5934,985000,12.0661,981000,3.3,980000,23.3042,979000,34.6523,978000,17.8121,977000,4.6963
25327728,991000,0.9993,989000,1,987000,17.2678,986000,31.093,985000,6.3627,982000,0.45,981000,50.8531,980000,40.5221,979000,14.8671,978000,11.6121
25327729,994000,10.0136,989000,4.3015,987000,6.2919,986000,23,985000,10.6463,982000,0.3486,981000,16.4851,980000,23.3053,979000,14.7671,978000,8.3121
25327730,995000,5.1483,994000,2.0129,989000,1,987000,9.4911,985000,7.067,982000,11.2675,981000,0.4907,980000,21.3053,979000,14.7671,978000,7.8121
25327731,994000,2.0129,989000,12.0782,987000,15.4059,986000,4.4232,985000,2.3895,982000,11.1713,981000,0.4907,980000,35.0303,979000,18.5671,978000,7.8324
25327732,989000,1,987000,37.4059,986000,1.8243,985000,7.3895,984000,27.0539,980000,25.9433,979000,20.8084,978000,7.8324,977000,8.5759,976000,8.5772
25327733,989000,1,987000,26.3519,985000,9.1102,984000,11.0951,983000,2.4556,981000,5,980000,25.9433,979000,20.8084,978000,7.8121,977000,8.0963
25327734,987000,26.3519,986000,13.9396,985000,2.3895,984000,8.4232,983000,1.591,981000,0.2044,980000,23.9639,979000,19.7671,978000,8.9121,977000,4.7963
25327735,986000,3.4905,985000,2.3895,984000,4,983000,6.0142,981000,12.0434,979000,16.9678,978000,7.8121,977000,4.7759,976000,10.2772,975000,26.8012
25327736,986000,2.94,985000,2.3895,984000,15.9188,983000,6.0142,981000,11.7434,979000,15.7977,978000,2.8121,977000,4.7759,976000,20.096,975000,26.8216
25327737,986000,2.94,985000,7.3466,984000,5,983000,6.0142,981000,11.7434,980000,9.9132,979000,14.7671,978000,2.8121,977000,4.7759,976000,23.096
25327738,987000,1.7017,986000,2.94,985000,7.3466,984000,12.831,983000,32.198,980000,10.7091,979000,14.7671,978000,2.8121,977000,4.7759,976000,23.096
25327739,987000,1.7017,986000,2.94,985000,7.3466,983000,1,981000,41.6717,979000,17.0421,978000,10.5611,977000,4.7759,976000,16.4821,975000,26.8216
25327740,989000,10,987000,1.7017,985000,10.2866,984000,1,981000,36.188,979000,7.2336,978000,2.8121,977000,4.7759,976000,15.9821,975000,26.8216
25327741,987000,1.7017,985000,2.3895,984000,1,981000,29.2331,980000,14.4145,977000,19.4533,976000,34.229,975000,16.8012,974000,14.8819,973000,20.9282
25327742,987000,0.7024,985000,3.3888,983000,2.94,981000,30.2331,980000,34.7358,977000,13.4055,976000,26.174,975000,28.3833,974000,12.1819,973000,20.9282
25327743,987000,0.7024,985000,9.4525,983000,2.94,981000,30.2331,980000,24.1106,978000,11.7699,977000,30.848,976000,3.174,975000,28.3833,974000,14.8819
25327744,987000,0.7024,985000,3.3888,983000,5.6851,981000,38.5951,980000,26.5006,978000,5,977000,6.0637,976000,22.224,975000,16.8012,974000,14.8819
25327745,987000,9.7024,985000,3.3888,983000,2.94,981000,30.2331,980000,25.9086,977000,23.5,976000,7.5971,975000,16.8012,974000,12.1615,973000,20.9486
25327746,989000,1,987000,9.7024,985000,3.3888,981000,33.1731,980000,31.1099,976000,42.5521,975000,16.8012,974000,11.0615,973000,12.0282,972000,1.7305
25327747,987000,0.7024,985000,3.3888,982000,2.94,981000,30.7331,980000,28.4903,976000,42.5521,975000,16.8012,974000,11.0615,973000,14.7486,972000,1.71
25327748,989000,1,987000,9.7024,985000,3.3888,981000,30.7331,980000,30.5487,976000,45.0371,975000,16.8012,974000,11.0819,973000,14.7282,972000,1.71
25327749,987000,9.7024,985000,2.3895,984000,1.4985,981000,30.7331,980000,28.5097,976000,56.4178,975000,16.8012,974000,11.0615,973000,14.7282,972000,1.7305
25327750,985000,2.3895,984000,0.4992,981000,30.7331,980000,0.9758,979000,12.0394,976000,55.6385,975000,16.8012,974000,11.0615,973000,16.7282,972000,1.7305
25327751,989000,1,987000,9.7024,985000,2.3895,983000,7.78,981000,30.3465,977000,0.3597,976000,41.2154,975000,16.8012,974000,11.0615,973000,16.7282
25327753,989000,10,987000,0.7024,985000,3.2555,983000,7.78,981000,30.3465,978000,6.6825,977000,28.0595,976000,13.2154,975000,16.8012,974000,11.0819
25327754,994000,4.007,989000,10,987000,2.5684,985000,2.3895,981000,25.9234,978000,9.4231,977000,37.0354,976000,13.2154,975000,19.5012,974000,11.2788
25327755,994000,13.007,989000,1,987000,2.5684,985000,10.8375,981000,13.1248,978000,32.4232,977000,14.0354,976000,14.3154,975000,29.5216,974000,11.2584
25327756,994000,12.8594,989000,2,988000,7.989,987000,0.7024,985000,0.5974,981000,4.5737,980000,20.6733,979000,6.0829,978000,5,977000,15.0799
25327757,994000,13.8594,989000,1,988000,31.075,987000,0.7024,985000,1.6363,981000,5.4493,980000,24.7632,979000,5.3054,978000,1.6,977000,10.0595
25327758,994000,11.9934,989000,1.866,987000,0.7024,986000,46.5032,985000,3.3853,981000,5,980000,23.3223,979000,0.0839,978000,1.6,977000,0.0799
25327759,995000,4.997,994000,11.9934,989000,1.866,987000,0.7024,985000,28.2679,981000,0.0633,980000,8.207,979000,19.7689,978000,2.4335,977000,0.0595
25327760,995000,4.997,994000,12.8594,989000,2,987000,0.7024,985000,3.829,980000,9.7311,979000,34.5013,978000,0.5335,977000,3.8595,976000,0.7536
25327761,989000,2,987000,0.7024,985000,8.0269,984000,23,983000,0.4854,980000,3.7486,979000,3.4822,978000,10,977000,0.0595,976000,15.6546
25327762,989000,1.866,987000,1.7024,985000,0.5609,984000,31.164,983000,2.5814,980000,0.707,979000,3.2826,978000,26.3752,977000,0.0595,976000,10.9385
25327763,989000,1.866,987000,0.7024,985000,0.5609,984000,31.164,983000,4.0592,980000,3.7026,979000,5.6168,978000,10,977000,13.3082,976000,11.7573
25327764,994000,11.9934,989000,1,987000,1.5684,985000,0.5609,983000,23.2879,980000,3.7026,979000,0.6168,978000,10,977000,13.3082,976000,10.7536
25327765,989000,1.7711,987000,2.9681,985000,1.5609,984000,31.152,983000,1.2155,980000,0.7181,979000,0.6168,978000,26.0064,977000,2.1595,976000,11.7571
25327766,995000,4.997,994000,11.9934,989000,1.7711,987000,2.9681,985000,4.2997,980000,39.3022,979000,18.6248,977000,13.7539,976000,11.7775,975000,17.9012
25327767,995000,4.997,994000,2.9934,989000,1,987000,0.7024,985000,1.6436,980000,99.2228,979000,18.0919,977000,3.8595,976000,10.5618,975000,16.8012
25327768,995000,4.997,994000,3.7261,989000,3.2657,987000,0.7024,985000,1.2776,980000,74.3237,979000,9.0919,977000,3.8595,976000,10.5618,975000,16.8012
25327769,994000,3.7261,989000,4.2657,987000,0.7024,985000,0.6436,984000,0.835,981000,5.0923,980000,69.9833,979000,8.0919,977000,1.1595,976000,10.5618
25327770,994000,3.7261,989000,4.2657,987000,0.7024,985000,0.5609,984000,0.7707,981000,5.9215,980000,55.4338,979000,8.0919,977000,3.8595,976000,0.5618
25327771,996000,0.7097,995000,4.997,994000,12.7261,989000,4.2657,987000,16.6145,981000,59.4076,980000,53.4338,979000,8.0919,977000,3.8799,976000,0.5414
25327772,995000,4.997,994000,13.7261,989000,3.2657,987000,6.7918,985000,10.8092,981000,59.6911,980000,55.239,979000,8.0919,978000,1.6,977000,1.1595
25327773,995000,4.997,994000,13.7261,989000,3.2657,987000,15.2368,985000,14.7226,981000,44.136,980000,55.239,979000,0.0839,978000,1.6203,977000,1.1595
25327774,995000,4.997,994000,12.7261,989000,4.2657,987000,29.7918,985000,14.2394,981000,43.3169,980000,32.239,979000,0.0839,978000,1.2905,977000,0.0595
25327775,995000,4.997,994000,11.9934,989000,3.9984,987000,32.3626,985000,14.2394,981000,10.7065,980000,32.239,979000,16.0675,978000,3.8,977000,0.0799
25327776,995000,4.997,994000,12.7261,989000,4.2657,987000,9.3626,985000,10.9879,981000,10.1713,980000,30.239,979000,1.0362,978000,1.1,977000,0.2708
25327777,995000,4.997,994000,2.9934,989000,4.2657,987000,9.3626,985000,0.0894,982000,22.6409,981000,6.2833,980000,30.239,979000,3.5565,978000,1.1
25327778,995000,4.997,994000,4.7261,989000,3.2657,987000,20.1961,985000,4.5313,981000,7.4544,980000,30.4281,979000,0.0839,978000,3.8203,977000,0.0595
25327779,995000,4.997,994000,12.8518,989000,4.2657,987000,17.2046,985000,5.6309,981000,24.7412,980000,31.0952,979000,0.0839,978000,3.9918,977000,0.0595
25327780,994000,12.9934,989000,3.2657,987000,13.7858,985000,0.0894,984000,12.2752,982000,8.4016,981000,31.4763,980000,30.239,979000,2.4839,978000,1.2919
25327781,995000,4.997,994000,3.9934,989000,8.4969,987000,13.7858,985000,0.0894,982000,9.4567,981000,31.4763,980000,30.239,979000,2.8042,978000,1.2716
25327782,996000,9.7097,995000,4.997,994000,3.9934,989000,8.9388,987000,12.5312,982000,29.6161,981000,31.4763,980000,30.2593,979000,0.0839,978000,1.2716
25327783,995000,4.997,994000,4.8518,989000,8.9388,987000,9.3626,986000,13.5431,983000,7.6932,982000,5.5311,981000,31.9718,980000,30.239,979000,2.8042
25327784,995000,4.997,994000,4.8518,989000,8.9388,987000,9.3626,986000,11.4416,983000,9.8136,982000,5.5311,981000,31.9718,980000,20.2593,979000,2.7839
25327785,996000,0.7097,995000,4.997,994000,3.8518,989000,4.2657,987000,11.7856,983000,22.3634,982000,5.5311,981000,13.8295,980000,24.0593,979000,0.0839
25327786,995000,4.997,994000,3.8518,989000,38.3188,987000,11.7736,986000,3.4437,982000,29.502,981000,28.7515,980000,1.2411,979000,13.9042,977000,0.449
25327787,995000,4.997,994000,7.5638,989000,3.2657,987000,11.7736,986000,2.1462,985000,2.1006,982000,12.5543,981000,39.7526,980000,0.2593,979000,0.3023
25327788,996000,0.7097,995000,4.997,994000,7.8129,989000,3.2657,987000,14.7136,985000,0.1784,982000,19.9543,981000,29.7551,980000,0.2593,979000,3.8839
25327789,996000,0.7097,995000,4.997,994000,7.8129,989000,6.2057,987000,9.3626,985000,0.1784,983000,9.4232,982000,15,981000,37.8872,980000,0.2593
25327790,996000,0.7097,995000,4.997,994000,7.8129,989000,6.2057,987000,8.3626,985000,0.1784,983000,19.6404,982000,22.803,981000,29.7551,980000,1.3009
25327791,996000,0.7097,995000,4.997,994000,7.8129,989000,6.2057,987000,7.0904,985000,0.1784,983000,19.6402,982000,15,981000,23.7515,980000,0.6041
25327792,995000,4.997,994000,2.9934,993000,8.5436,989000,6.2057,987000,6.1904,985000,4.2472,983000,6.4517,982000,15,981000,32.9669,980000,0.6245
25327793,994000,3.8518,993000,3.9611,990000,2.94,989000,7.2389,987000,3.8407,985000,4.2472,983000,6.4518,982000,15,981000,34.6669,980000,0.6041
25327795,993000,2.712,992000,1,990000,2.94,989000,7.2389,987000,3.2732,985000,4.2472,983000,16.0016,982000,15,981000,23.7718,980000,2.939
25327796,995000,4.997,994000,6.5638,990000,2.94,989000,7.2389,987000,1.9877,986000,3.3045,985000,4.2472,983000,16.0016,982000,15,981000,23.7718
25327797,995000,4.997,994000,7.8129,990000,2.94,989000,7.2389,987000,1.9877,986000,2.9109,985000,1.1785,983000,15.45,982000,5,981000,28.9699
25327798,995000,4.997,994000,4.8518,990000,25.94,989000,23.1689,987000,0.7024,986000,4.6657,985000,0.1784,983000,1.4526,982000,6.083,981000,12.7353
25327799,995000,4.997,994000,2.9934,990000,34.241,989000,7.2389,987000,0.4824,986000,4.8441,982000,6.533,981000,12.3718,980000,0.239,979000,0.0839
25327800,996000,0.7097,995000,4.997,994000,2.9934,990000,34.028,989000,4.2723,987000,0.072,986000,3.0893,982000,12.4763,981000,12.3718,980000,0.239
25327801,996000,0.7097,995000,4.997,994000,3.8518,990000,35.0482,989000,7.0363,984000,0.3641,982000,2.2628,981000,11.5515,980000,0.239,979000,0.4527
25327802,996000,0.7097,995000,4.997,994000,3.8518,990000,13.0803,989000,10.5332,984000,8.555,982000,71.6119,981000,11.7572,980000,0.239,979000,0.0839
25327803,995000,4.997,994000,6.9334,991000,0.0202,990000,7.662,989000,8.8748,988000,1.2184,986000,8.222,985000,23,984000,0.3641,982000,19.3675
25327804,997000,3.1828,996000,1.5681,995000,7.937,994000,6.6606,991000,1.0202,989000,0.317,988000,1.2184,985000,27.4232,982000,18.0749,981000,10.7515
25327805,996000,1.5681,995000,7.937,994000,6.6606,992000,31.215,991000,6.8495,989000,0.2968,987000,9.4232,986000,7.7,984000,2.7,982000,23.9585
25327806,996000,2.5681,995000,7.937,994000,3.6762,993000,31.025,991000,3.2487,989000,0.4016,988000,9.6939,987000,29.0013,985000,2.2,984000,0.0202
25327807,996000,2.5681,995000,7.937,994000,3.8116,993000,31.025,991000,1.9536,989000,0.4016,988000,0.2683,987000,24.0013,986000,1.1,985000,46.2224
25327808,996000,2.5681,995000,4.997,994000,26.8116,993000,6.1887,991000,1.9536,989000,0.9657,987000,28.425,986000,13.0224,985000,35,984000,0.0202
25327809,996000,1.5681,995000,4.997,994000,27.8116,993000,3.2487,991000,1.9536,989000,0.9657,988000,4.6874,987000,8.126,986000,11.3224,985000,35
25327810,997000,3.1828,996000,6.1795,995000,4.997,994000,24.009,991000,5.7961,989000,15.0182,985000,45.1234,983000,3.1,982000,0.0203,981000,10.7515
25327811,995000,4.997,994000,25.8674,991000,1.9536,990000,25.4832,988000,6.5391,985000,40.5455,983000,8.127,982000,16.2348,981000,10.7718,980000,0.6208
25327812,995000,4.997,994000,25.8674,991000,1.9536,990000,10.393,988000,6.5715,985000,44.6113,982000,13.9348,981000,10.7718,980000,0.6203,979000,0.6839
25327813,995000,4.997,994000,26.7258,991000,9.6776,990000,4.9232,988000,8.4098,985000,38.4194,981000,28.9132,980000,0.239,979000,0.6839,978000,2.9936
25327814,995000,4.997,994000,25.8674,991000,9.9471,990000,4.9232,988000,1.59,985000,38.4197,981000,26.9932,980000,0.2593,979000,0.6839,978000,2.9936
25327815,996000,0.7097,995000,4.997,994000,25.8674,991000,0.2695,990000,4.9232,985000,36.5414,982000,2.2,981000,26.6118,980000,0.2593,979000,0.6839
25327816,996000,1.5681,995000,4.997,994000,3.9626,992000,5.2041,990000,4.9232,985000,36.0971,981000,19.7126,980000,0.239,979000,0.6839,978000,2.9936
25327817,996000,1.7015,995000,4.997,994000,3.9626,991000,8.326,990000,4.3606,985000,43.4556,984000,18,983000,18,982000,14.8422,981000,3.4515
25327818,997000,3.1828,996000,1.7015,995000,4.997,994000,17.3858,988000,6.1556,985000,11.1711,984000,18,983000,33,982000,14.8422,981000,3.7515
25327819,996000,0.7097,995000,4.997,994000,13.9544,988000,6.1556,985000,19.1836,984000,9.4302,983000,33,982000,14.8422,981000,3.7515,980000,3.239
25327820,994000,13.9544,990000,2.94,988000,6.6887,987000,21.1058,985000,0.0503,984000,8.98,983000,33,982000,14.8422,981000,3.7515,980000,3.239
25327821,995000,4.997,994000,13.9544,990000,2.94,988000,6.6887,987000,24.5446,984000,7.9435,983000,33,982000,14.8422,981000,3.7515,980000,3.239
25327822,996000,0.7097,995000,4.997,994000,4.2026,993000,9,990000,8.088,984000,31.8281,983000,33,982000,14.8422,981000,3.7515,980000,3.239
25327823,995000,6.0106,994000,3.8925,993000,15.6269,989000,2.94,984000,10,983000,30.5173,982000,14.8422,981000,4.0616,980000,4.239,979000,6.6839
25327824,993000,10,989000,4.5913,988000,7.787,987000,4.4232,984000,3.9356,983000,15.2629,982000,14.8422,981000,4.0616,980000,4.249,979000,6.6839
25327825,993000,10,989000,4.5913,988000,7.787,987000,4.4232,984000,3.9356,983000,15.2629,982000,14.8422,981000,4.0616,980000,4.249,979000,6.6839
25327826,993000,10,989000,4.5913,988000,7.787,987000,4.4232,984000,3.9356,983000,15.2629,982000,14.8422,981000,4.0616,980000,4.249,979000,6.6839
25327827,993000,10,989000,4.5913,988000,7.787,987000,4.4232,984000,3.9356,983000,15.2629,982000,14.8422,981000,4.0616,980000,4.249,979000,6.6839
25327828,994000,3.8304,993000,1,989000,9.5883,988000,4.4232,984000,9.7806,983000,6,982000,14.8422,981000,4.0616,980000,4.249,979000,10.4839
25327829,995000,6.0106,994000,2.9626,989000,23,988000,8.067,987000,33.9978,983000,3.5907,981000,8.7515,980000,3.249,979000,10.4839,978000,8.9936
25327830,995000,6.0106,994000,3.9638,989000,24,987000,33.307,986000,4.0196,983000,3.5919,982000,5,981000,17.0445,980000,3.249,979000,10.4839
25327831,996000,0.7097,995000,6.0106,994000,3.9638,987000,8.118,986000,15.8018,983000,3.4668,981000,33.7415,980000,3.249,979000,6.6839,978000,10.114
25327832,996000,0.7097,995000,6.0106,994000,4.9638,987000,11.058,986000,8.5947,983000,3.9981,982000,5,981000,23.6133,980000,4.2694,979000,7.7839
25327833,994000,4.9638,989000,30.908,988000,4.4232,987000,5.88,986000,4.1715,984000,5.2441,983000,26.948,982000,33.98,981000,18.6133,980000,7.4694
25327835,995000,4.997,994000,4.9638,989000,23,988000,7.3632,986000,4.1715,984000,5.7115,983000,3.948,982000,5,981000,21.3133,980000,5.3694
25327836,995000,4.997,994000,2.9626,989000,23,988000,7.3632,986000,4.1715,984000,5.7115,983000,4.9647,982000,5,981000,22.4133,980000,3.249
25327837,995000,4.997,994000,7.3858,989000,23,988000,21.0575,986000,0.1215,984000,5.0632,983000,3.948,982000,5,981000,19.7133,980000,3.249
25327838,995000,4.997,994000,3.9638,989000,25.0136,988000,23.9975,987000,0.1215,984000,1.2294,983000,3.948,981000,18.6133,980000,3.249,979000,8.6839
25327839,995000,4.997,994000,2.9626,989000,26.9536,988000,2.437,987000,0.0475,984000,1.4194,983000,3.448,981000,23.6133,980000,3.249,979000,7.6839
25327840,995000,4.997,994000,3.9638,989000,3.9536,988000,23.1015,987000,24.0728,984000,1.2903,983000,3.448,982000,5,981000,18.6133,980000,3.249
25327841,995000,4.997,994000,3.9638,989000,1.0136,988000,31.4847,986000,2.4206,984000,1.526,983000,3.448,981000,23.6133,980000,3.249,979000,6.6839
25327842,994000,3.9638,988000,1.1215,987000,23,986000,1.0136,985000,22.6425,983000,3.4302,981000,23.6133,980000,3.249,979000,6.6839,978000,20.114
25327843,994000,3.9638,990000,0.5,988000,3.0615,987000,31.819,985000,3.8509,983000,3.4302,981000,23.6133,980000,3.249,979000,9.1042,978000,20.0936
25327844,994000,2.9626,990000,1.5012,988000,11.9685,987000,4.4232,985000,3.8509,983000,2.6403,982000,5,981000,23.5253,980000,3.249,979000,8.0839
25327845,995000,4.997,994000,3.9638,990000,1.5,988000,10.9685,985000,25.2341,983000,2.6403,982000,5,981000,15.6133,980000,3.249,979000,8.0839
25327846,995000,4.997,994000,2.9626,990000,1.5012,988000,11.847,985000,7.014,983000,2.6403,982000,5.45,981000,23.9023,980000,11.249,979000,10.4839
25327847,995000,4.997,994000,3.9638,990000,2.5012,988000,2.94,985000,20.9138,983000,2.6403,982000,5,981000,23.9137,980000,11.249,979000,10.5042
25327848,994000,3.9638,990000,1.5,989000,5.5632,988000,27.99,985000,18.0643,983000,3.6403,982000,6.8,981000,23.9137,980000,11.249,979000,10.4839
25327849,994000,2.9626,990000,1.5012,989000,1,988000,24.93,985000,20.6875,983000,3.6403,982000,6.8,981000,23.9137,980000,11.249,979000,10.5042
25327850,994000,3.9638,990000,1.5,988000,2.94,985000,0.295,984000,6.6849,983000,3.6403,982000,5,981000,23.9137,980000,11.249,979000,7.8042
25327851,994000,4.965,990000,0.5,989000,2.94,985000,0.295,984000,3.7589,983000,11.6403,982000,5,981000,21.0405,980000,11.249,979000,15.7839
25327852,994000,4.9638,990000,0.5,989000,17.9333,985000,0.295,984000,0.1029,983000,22.6184,982000,5,981000,21.0405,980000,11.249,979000,18.4839
25327853,995000,4.997,994000,4.9638,990000,0.5,988000,11.8245,985000,0.0014,983000,28.9927,982000,6,981000,13.2515,980000,11.749,979000,16.2839
25327854,994000,5.965,990000,0.5,989000,10.638,988000,6.3389,985000,0.0014,983000,25.6184,982000,1,981000,13.2515,980000,11.749,979000,16.2839
25327855,990000,1.5,989000,5.88,988000,8.238,987000,6.3389,985000,0.0014,983000,25.6184,982000,1,981000,13.2515,980000,11.749,979000,15.1839
25327856,994000,4.9638,990000,1.5,989000,2.94,988000,0.0163,987000,8.7875,983000,25.6184,982000,1,981000,13.2515,980000,12.749,979000,25.2042
25327857,995000,4.997,994000,4.9638,990000,1.5,989000,2.94,987000,10.2694,983000,32.3872,982000,6,981000,8.2515,980000,11.749,979000,27.8839
25327858,996000,1.0096,995000,4.997,994000,4.9638,990000,1.5,987000,8.7549,984000,5.096,983000,22.3342,982000,1,981000,9.3515,980000,11.749
25327859,994000,4.9638,991000,1,990000,9.245,989000,2.94,987000,8.7549,984000,10.096,983000,26.7574,982000,1,981000,19.0515,980000,11.749
25327860,995000,4.997,994000,4.9638,991000,1,990000,3.44,987000,3.9099,986000,0.0121,984000,14.4232,983000,13.1599,982000,11,981000,8.2718
25327861,995000,4.997,994000,3.9626,991000,1,990000,12.1785,989000,12.0646,981000,22.2523,980000,11.7693,979000,15.1839,978000,13.2936,977000,7.0595
25327862,995000,4.997,994000,3.9638,991000,1,990000,4.44,988000,3.3846,982000,1.3926,981000,43.1588,980000,11.7693,979000,15.1839,978000,9.4936
25327863,995000,4.997,994000,3.9638,991000,1,990000,18.4757,988000,2.6413,983000,4.0919,981000,44.1588,980000,24.149,979000,15.1839,978000,9.514
25327864,994000,3.9638,991000,1,990000,4.44,988000,0.21,987000,7.827,983000,3,982000,5,981000,43.6636,980000,21.749,979000,18.9839
25327865,994000,3.9638,991000,1,990000,4.44,988000,0.21,987000,5.5916,986000,0.0284,983000,3,982000,7.3128,981000,45.9902,980000,21.7693
25327866,994000,6.5634,991000,1.9893,990000,3.44,988000,0.11,987000,0.2113,986000,0.0568,984000,9.0228,983000,11.267,982000,5,981000,37.9092
25327867,994000,5.5287,991000,1,990000,3.44,988000,0.11,987000,0.2113,986000,0.0568,985000,9.4232,984000,9.5996,983000,11.267,982000,7
25327868,995000,4.997,994000,5.5622,991000,1,990000,2.94,988000,0.0213,986000,0.0284,984000,14.0228,983000,3,982000,6.9,981000,36.3295
25327869,995000,4.997,994000,3.9626,991000,4.1657,990000,10.779,989000,2.9855,986000,4.48,985000,5.7439,984000,9.5996,983000,3,982000,3.3
25327870,995000,4.997,994000,7.1283,991000,38.988,990000,2.94,989000,5.6925,986000,9.8715,985000,5,984000,9.5996,982000,3.6,981000,30.7468
25327871,996000,1.0096,995000,4.997,994000,3.9638,991000,46.4837,989000,19.8137,986000,5.4483,984000,12.4232,982000,14.9458,981000,30.7265,980000,21.7693
25327872,996000,1.0096,995000,4.997,994000,3.9638,991000,18.1037,989000,19.8137,986000,4.7052,985000,5,984000,8,982000,17.6458,981000,30.7265
25327873,996000,1.0096,995000,4.997,994000,3.9638,991000,25.9277,989000,7.4171,986000,6.2652,984000,11.181,982000,21.2599,981000,32.7265,980000,11.7693
25327874,996000,1.0096,995000,4.997,994000,3.9626,991000,14.948,989000,3.0764,986000,5.9234,984000,25.98,982000,4.3521,981000,32.7265,980000,11.749
25327876,996000,2.0108,995000,4.997,994000,7.1283,991000,14.948,989000,0.345,987000,4.6441,986000,5.0568,984000,13.648,982000,0.0203,981000,9.7265
25327877,996000,2.0108,995000,4.997,994000,3.9626,991000,45.339,989000,0.2128,987000,5.5924,985000,9.4232,984000,21.4581,983000,1.1,982000,0.0203
25327878,996000,1.0096,995000,4.997,994000,7.0246,991000,12.008,989000,1.7276,987000,4.7009,985000,5,984000,33.1124,983000,1.8,981000,9.7468
25327879,996000,2.0108,995000,4.997,994000,3.9626,991000,11.008,989000,0.3496,987000,7.7009,985000,8,984000,23,983000,11.1162,981000,9.7468
25327880,995000,4.997,994000,3.9626,991000,4.0514,990000,1.0998,989000,10.2343,987000,7.7009,985000,12.4232,983000,8.5162,982000,12.9797,981000,8.7468
25327881,995000,4.997,994000,2.9626,991000,31.94,990000,0.999,989000,13.1921,987000,7.7009,985000,7.4232,984000,5,982000,13.4,981000,8.7265
25327882,995000,4.997,994000,3.9638,991000,3.95,990000,33.355,989000,15.7027,987000,4.7009,985000,3,982000,17.0232,981000,8.7265,980000,11.749
25327883,995000,4.997,994000,3.9638,991000,3.95,990000,24,989000,10.2343,987000,4.7009,985000,3,983000,4.4232,982000,11.1403,981000,8.7265
25327884,994000,3.9638,991000,3.95,990000,1,989000,0.3276,987000,0.0955,985000,3,982000,7.92,981000,16.9239,980000,11.749,979000,25.1839
25327885,996000,1.0096,995000,4.997,994000,3.9638,991000,8.0105,989000,5.923,987000,0.0745,983000,11.6297,982000,30.9403,981000,12.1265,980000,11.749
25327886,995000,4.997,994000,3.9638,991000,36.123,990000,3.1643,989000,0.2238,987000,0.0075,984000,15.6542,983000,31.0203,981000,10.3265,980000,11.749
25327887,995000,4.997,994000,8.1281,992000,2.94,991000,32.183,989000,0.2238,987000,0.0075,984000,12.4232,983000,14.3085,982000,0.0203,981000,10.3265
25327888,995000,4.997,994000,7.1269,992000,2.94,991000,1.01,989000,0.2238,987000,0.5945,986000,9.4232,984000,16.184,983000,11.4825,982000,0.0203
25327889,995000,4.997,994000,7.1269,993000,2.94,992000,31.179,991000,7.1071,989000,0.0132,988000,9.4232,987000,0.5945,986000,10,985000,9.5256
25327890,995000,4.997,994000,2.9626,993000,2.94,992000,32.179,991000,7.1071,989000,0.2132,988000,11.8256,986000,10,985000,1.1,984000,3
25327891,995000,4.997,994000,2.9626,993000,2.94,992000,32.179,991000,7.2118,990000,0.8327,989000,0.7132,988000,6.8256,986000,10,984000,3
25327892,996000,11.0096,995000,4.997,994000,2.9626,992000,33.3903,991000,6.2536,990000,43.3774,989000,0.7132,985000,4.331,984000,3,983000,4.4
25327893,994000,3.9638,992000,32.179,991000,3.95,990000,11.0333,989000,0.1637,985000,8.034,984000,25.1001,983000,4.4202,981000,8.7265,980000,11.749
25327894,995000,4.997,994000,12.9638,992000,8.179,991000,4.95,990000,13.2445,985000,4.3103,984000,3,983000,13.7928,981000,8.7265,980000,11.749
25327895,995000,4.997,994000,12.9638,992000,8.179,991000,5.45,990000,15.4565,985000,11.9501,984000,15.159,983000,3,982000,3.8203,981000,8.2265
25327896,995000,4.997,994000,13.9638,993000,22.5032,991000,4.45,990000,15.507,985000,5.1072,984000,8,983000,20.8996,982000,2.4203,981000,8.2265
25327897,994000,3.9638,992000,8.82,991000,1.01,990000,8.97,989000,17.0409,985000,6.9554,984000,8,983000,22.478,981000,12.0468,980000,11.249
25327898,995000,4.997,994000,3.9638,991000,8.0133,990000,7.97,989000,13.9776,985000,7.9554,984000,8,983000,22.478,981000,11.6468,980000,11.249
25327899,994000,3.9638,991000,9.0124,990000,5,989000,8.6007,988000,9,985000,7.9564,984000,8,983000,22.478,981000,11.6468,980000,11.249
25327900,994000,3.9638,991000,7.0133,990000,6,989000,3.9232,988000,9.07,985000,7.9564,984000,8,983000,3,982000,14.7483,981000,11.4468
25327901,994000,3.9638,992000,21.99,991000,8.0124,990000,6,989000,3.9232,985000,7.9564,984000,3,983000,3,982000,14.7483,981000,8.2468
25327902,995000,4.997,994000,3.9638,991000,8.0124,990000,15,989000,8.3246,985000,7.9564,984000,3,983000,20.6631,981000,8.6468,980000,12.049
25327903,994000,4.965,991000,8.0124,990000,15,989000,8.664,988000,13.2332,985000,7.9564,984000,3,983000,8,982000,14.2062,981000,8.2265
25327904,991000,8.0124,990000,15,989000,23.5,988000,4.6414,987000,2.8013,985000,11.2271,984000,3,983000,3,982000,14.2062,981000,8.2265
25327905,994000,3.9638,991000,8.0124,990000,14,989000,0.5,988000,38.3764,985000,7.2271,984000,3,983000,3,982000,14.2062,981000,8.2265
25327906,989000,0.5,988000,4.6414,987000,8.698,985000,6.78,984000,12.48,981000,8.2265,980000,11.2693,979000,14.6839,978000,11.9336,977000,10.3595
25327907,994000,2.9626,991000,5.9503,990000,14,988000,35.9274,987000,4.9232,981000,28.5946,980000,11.2693,979000,17.6839,978000,11.9336,977000,6.5595
25327908,991000,3.0103,990000,14,988000,1,987000,23.5,986000,9.9249,981000,18.7526,980000,11.249,979000,14.7042,978000,10.0936,977000,6.5595
25327909,994000,11.9626,991000,3.0103,990000,6,988000,8.333,987000,13.1475,983000,9.1634,981000,39.9193,980000,13.949,979000,15.8042,978000,8.9936
25327910,992000,10.0012,991000,4.9491,990000,10.1441,988000,8.333,987000,8.1787,983000,10.9645,982000,5,981000,22.868,980000,11.249,979000,14.7042
25327911,992000,1.0012,991000,4.9491,990000,19.1441,988000,8.333,987000,4.2855,983000,14.2677,982000,28,981000,22.868,980000,11.2693,979000,14.6839
25327912,991000,4.9491,990000,9.1441,989000,1,988000,8.333,987000,5.7128,984000,5.53,983000,16.7567,982000,5,981000,26.1525,980000,12.349
25327913,991000,9.0932,990000,6,989000,7.783,988000,0.6993,987000,1.2387,985000,0.9618,984000,5.53,983000,16.7567,982000,5,981000,26.1525
25327914,991000,13.9491,990000,10.1441,989000,30.783,988000,1.969,987000,0.4253,984000,33.3112,983000,8.019,982000,5,981000,10.8692,980000,12.3693
25327915,991000,4.9491,990000,5,989000,31.783,988000,5.1629,987000,0.9757,984000,13.7288,983000,8.019,982000,5,981000,20.8773,980000,12.349
25327917,994000,12.9638,991000,4.9491,990000,14.5673,989000,7.783,987000,2.01,985000,8.6301,984000,16.5828,982000,2.7,981000,16.4812,980000,12.3693
25327918,995000,4.997,994000,12.9638,991000,9.0932,990000,6,989000,7.783,988000,0.5391,984000,9.2078,982000,23,981000,21.4812,980000,13.5693
25327919,994000,12.9638,992000,2.94,991000,2.0091,990000,29,989000,5.5335,985000,6.2812,984000,22.2426,983000,7.882,982000,23,981000,9.1731
25327920,994000,12.9638,992000,2.94,991000,6.1532,990000,30,989000,4.0287,986000,1.6875,985000,0.1,984000,30.6923,983000,7.882,982000,23
25327921,994000,12.9638,992000,2.94,991000,7.1532,990000,23,987000,1.0618,984000,33.829,983000,7.882,981000,10.3731,980000,11.2693,979000,14.6839
25327922,992000,11.94,991000,3.0103,987000,11.9614,986000,23,985000,23.2113,979000,15.1863,978000,23.436,977000,6.5595,976000,28.2468,975000,83.0957
25327923,991000,2.0091,990000,3.9412,987000,11.9614,986000,0.42,985000,10.8347,981000,1.4378,980000,2.7978,979000,33,978000,9.803,977000,6.5595
25327924,991000,15.1295,990000,3.9412,987000,5.1894,986000,0.42,985000,12.452,980000,9.0019,979000,23.0203,978000,10.9936,977000,9.4995,976000,24.4264
25327925,994000,2.9626,991000,15.1295,990000,12.9412,987000,5.1894,985000,36.7332,980000,19.0019,979000,23.0203,978000,10.9936,977000,9.4995,976000,24.4264
25327926,990000,11.94,987000,5.1894,986000,1,985000,3.0592,984000,9.3928,980000,17.5467,979000,28.0203,978000,10.9936,977000,9.4995,976000,24.4264
25327927,991000,15.1295,990000,13.9412,987000,28.1694,985000,3.0592,984000,8.8762,980000,16.1451,979000,5,978000,29.014,977000,11.2995,976000,24.4264
25327928,990000,10.0012,989000,2.94,987000,4.1894,985000,0.0892,984000,13.6299,980000,16.1451,979000,12.781,978000,29.014,977000,8.3595,976000,24.4264
25327929,990000,9,989000,2.94,987000,27.1926,985000,0.0892,984000,13.6299,980000,17.2672,979000,13.27,978000,29.014,977000,8.3595,976000,27.3664
25327930,991000,11.0091,989000,2.94,987000,4.6894,985000,0.0892,984000,13.2059,980000,22.2672,979000,16.238,978000,29.014,977000,6.5595,976000,27.3664
25327931,991000,12.0103,989000,3.94,987000,4.6894,985000,0.0892,984000,13.2059,981000,7.3701,980000,39.6978,979000,8.4,978000,6.014,977000,6.5595
25327932,991000,12.0103,989000,3.94,987000,4.6894,985000,0.0892,984000,13.2059,982000,6.8332,981000,5,980000,19.4232,979000,6.4,978000,6.014
25327933,991000,3.0103,989000,12.94,987000,4.6894,985000,0.0892,984000,7.4159,981000,4.115,980000,19.4232,979000,5,978000,5.9936,977000,6.5595
25327934,991000,3.0103,989000,12.94,987000,4.6894,985000,0.0892,984000,7.1329,981000,4.115,980000,15,979000,5,978000,5.9936,977000,6.5595
25327935,989000,12.97,988000,1.4686,987000,4.6894,985000,0.0892,984000,4.1629,981000,19.3458,980000,20,979000,36.246,978000,5.9936,977000,6.5595
25327936,988000,3.94,986000,7.991,985000,0.0892,984000,3.5775,981000,1.1257,980000,14.6517,979000,28,978000,5.9936,977000,9.2595,976000,25.5768
25327937,991000,11.0112,989000,2.97,988000,3.94,985000,8.1852,984000,10.9348,980000,7.7834,979000,28,978000,5.9936,977000,9.2595,976000,25.5768
25327938,989000,3.9712,988000,3.94,987000,27.99,985000,8.1852,984000,13.1399,980000,12.7834,979000,28,978000,5.9936,977000,6.5595,976000,25.5768
25327939,988000,3.94,985000,0.0892,984000,7.0681,983000,6.0718,981000,2.2801,980000,9.7653,979000,36.074,978000,5.9936,977000,9.2595,976000,25.5768
25327940,988000,2.94,985000,0.0892,984000,2.5176,983000,5.8085,981000,16.7153,980000,4.7653,979000,34.3301,978000,5.9936,977000,9.2595,976000,25.5768
25327941,988000,4.9412,985000,0.0892,984000,2.5176,983000,5.7176,981000,23.5397,980000,4.7653,979000,31.074,978000,5.9936,977000,12.5156,976000,25.5564
25327942,991000,1.01,990000,18.6904,988000,4.9412,985000,8.0532,984000,21.9752,980000,13.2813,979000,31.074,978000,5.9936,977000,9.2595,976000,25.5768
25327943,988000,4.9412,987000,21.99,985000,0.0892,984000,22.0952,983000,0.8532,980000,8.2813,979000,5,978000,28.9936,977000,7.7595,976000,25.5768
25327944,990000,10.6916,988000,3.94,985000,0.0892,984000,2.5176,982000,18.9246,980000,13.5476,979000,8.57,978000,37.2786,977000,6.5595,976000,25.5768
25327945,990000,18.6904,988000,4.9412,985000,0.0892,984000,3.3708,982000,19.9362,980000,6.6557,979000,8.57,978000,37.2786,977000,6.5595,976000,25.5768
25327946,990000,18.6904,988000,4.9412,985000,0.0892,984000,2.5176,982000,5.1121,980000,4.7113,979000,5,978000,37.2786,977000,6.9595,976000,25.5564
25327947,990000,18.6904,988000,4.9412,985000,0.0892,984000,2.5176,982000,81.8948,979000,5,978000,37.2786,977000,6.9595,976000,24.5581,975000,86.0357
25327948,990000,9.6904,988000,11.94,985000,10.8996,984000,2.5176,982000,80.4442,979000,13.6447,978000,37.2786,977000,7.3595,976000,30.4444,975000,86.0357
25327949,990000,18.6904,988000,5.9412,985000,1.0892,984000,2.5176,982000,80.4442,980000,6.7211,979000,31.7923,978000,12.8888,977000,9.6595,976000,30.4541
25327950,988000,20.748,985000,1.0892,984000,2.5176,982000,78.1899,981000,1.183,980000,6.0762,979000,40.1073,978000,12.9903,977000,9.6595,976000,28.574
25327951,989000,2.94,988000,20.0252,985000,0.0892,984000,3.7006,982000,80.9259,979000,31.7923,978000,17.4135,977000,6.5595,976000,28.2564,975000,92.9309
25327952,990000,2.0012,989000,4.94,988000,20.0252,985000,0.0892,982000,79.232,979000,31.7923,978000,17.312,977000,6.5595,976000,35.4637,975000,92.9309
25327953,989000,4.94,988000,18.1795,985000,1.0892,982000,1.3113,981000,77.6602,979000,31.7923,978000,17.312,977000,6.5595,976000,34.4347,975000,92.9309
25327954,989000,4.94,988000,18.1795,985000,1.0892,982000,2.0929,981000,64.3088,980000,3.7915,979000,40.8695,978000,12.8888,977000,6.5595,976000,25.5564
25327955,988000,2,987000,12.9412,985000,1.0892,982000,1.3113,980000,66.9153,979000,30.2253,978000,12.8888,977000,6.5595,976000,28.2564,975000,89.9909
25327956,988000,2,987000,11.94,985000,1.6352,982000,1.3113,980000,44.5201,979000,6.1931,978000,35.8888,977000,6.5595,976000,28.2564,975000,89.9909
25327958,988000,2,987000,11.94,985000,1.6352,982000,1.3113,980000,44.5201,979000,6.2314,978000,44.3008,977000,6.5595,976000,28.2564,975000,89.9909
25327959,990000,1,989000,3.0012,988000,5.94,985000,1.6352,982000,0.1281,979000,36.9822,978000,17.8888,977000,6.5595,976000,27.9964,975000,89.9909
25327960,988000,25.7482,985000,1.0892,984000,31.198,982000,0.1281,981000,44.5201,979000,33.5487,978000,22.312,977000,6.5595,976000,30.0964,975000,89.9909
25327961,988000,17.0012,985000,0.0892,984000,1,982000,0.1281,981000,44.1678,979000,10.6524,978000,22.312,977000,6.5595,976000,27.3964,975000,93.7909
25327962,988000,22.263,985000,0.0892,984000,31.331,982000,0.1281,981000,44.1678,980000,3.4,979000,6.6524,978000,22.312,977000,6.5595,976000,27.3964
25327963,988000,11,985000,4.5264,983000,23,982000,0.1281,980000,33.8849,979000,10.2967,978000,17.8888,977000,6.5595,976000,29.1964,975000,91.0909
25327964,988000,12.0012,985000,5.7269,983000,48.98,982000,0.1281,980000,0.01,979000,11.6524,978000,26.1948,977000,9.4995,976000,26.2564,975000,91.0909
25327965,989000,4.94,988000,13.0012,985000,3.6959,983000,23,982000,0.1381,979000,16.0756,978000,41.3826,977000,9.4995,976000,26.2564,975000,91.0909
25327966,990000,3.94,989000,2,988000,16.6054,985000,27.0892,983000,19.0752,979000,15.9771,978000,44.9868,977000,9.4995,976000,27.1564,975000,91.0909
25327967,989000,2,988000,13.0012,985000,9.87,984000,30.712,982000,25.5356,979000,23.9426,978000,36.0166,977000,6.5595,976000,24.8564,975000,91.0909
25327968,989000,2,988000,16.9194,985000,0.0892,984000,30.722,983000,30.5747,979000,23.4098,978000,36.0166,977000,6.5595,976000,24.4564,975000,91.0909
25327969,988000,2,987000,11.782,985000,0.0892,984000,7.722,983000,0.01,979000,30.6659,978000,33.0766,977000,6.5595,976000,24.4564,975000,91.1113
25327970,988000,2,987000,11.2639,985000,23.0892,984000,0.01,983000,0.01,980000,8.2486,979000,12.6561,978000,33.0766,977000,6.5595,976000,27.1564
25327971,988000,3.0012,987000,5.4363,985000,0.0892,984000,0.01,983000,24.1956,980000,17.2856,979000,20.6401,978000,28.0766,977000,17.8771,976000,24.4564
25327972,987000,1,986000,9.2627,985000,7.8452,984000,0.01,983000,23.7456,980000,17.9718,979000,20.6401,978000,28.0766,977000,20.5771,976000,24.4564
25327973,988000,12.0012,987000,5.4363,985000,8.0672,984000,0.01,982000,23.7456,980000,13.8773,979000,25.0633,978000,12.8888,977000,9.2595,976000,24.4564
25327974,989000,2,988000,7.9531,985000,8.0672,984000,0.01,982000,23.7456,980000,13.6279,979000,25.0633,978000,12.8888,977000,10.3595,976000,24.4564
25327975,989000,3.0012,988000,2,986000,5.9531,985000,8.1822,984000,27.0354,980000,18.4886,979000,20.6401,978000,12.8888,977000,10.3595,976000,24.4564
25327976,988000,10.231,987000,23,986000,8.308,985000,0.0992,982000,27.2276,980000,11.0596,979000,17.0793,978000,12.8888,977000,10.3595,976000,24.4564
25327977,989000,2,988000,9.7162,986000,23,985000,0.0992,982000,23.41,980000,16.0596,979000,17.0793,978000,12.8888,977000,14.3252,976000,34.4768
25327978,989000,2,988000,11.7186,986000,23,985000,1.0992,982000,22.8125,980000,10.7101,979000,17.0793,978000,12.8888,977000,14.3252,976000,24.4564
25327979,989000,2,988000,8.984,986000,23,985000,1.0992,982000,22.8125,980000,12.238,979000,14.1393,978000,12.8888,977000,14.3252,976000,24.4564
25327980,988000,3.0012,985000,0.0992,984000,30.832,982000,22.8125,981000,9.0483,980000,4.298,979000,31.0661,978000,12.8888,977000,7.7595,976000,24.4564
25327981,989000,4.94,988000,3.0012,985000,0.0992,984000,24,982000,35.3857,978000,19.6855,977000,6.5595,976000,27.3964,975000,103.4676,974000,10.5819
25327982,988000,5.9412,985000,0.0992,984000,24,983000,8.304,982000,30.2803,977000,45.616,976000,34.875,975000,93.7909,974000,10.5819,973000,17.4102
25327983,989000,2,988000,5.9412,985000,1.0992,984000,8.387,981000,35.6989,978000,5.7509,977000,41.428,976000,42.1996,975000,93.7909,974000,10.5819
25327984,990000,1,989000,2,988000,5.9412,985000,8.8782,984000,42.6868,978000,42.777,977000,18.252,976000,42.7996,975000,91.0909,974000,10.5819
25327985,989000,2,988000,4.94,985000,0.0992,984000,31.7681,983000,0.1399,979000,8.3847,978000,35.884,976000,38.304,975000,93.7909,974000,20.5819
25327986,990000,2.0012,989000,2,988000,5.9412,985000,44.3298,984000,18.7853,979000,23.0548,978000,28,976000,38.304,975000,91.1113,974000,20.5615
25327987,990000,2.0012,989000,4.94,988000,15.2528,985000,1.0992,984000,15.4249,980000,20.4299,979000,13.132,978000,28,977000,5.64,976000,35.364
25327988,989000,3.0012,988000,3,987000,12.2516,985000,0.0992,984000,13.1204,980000,1.7554,977000,25.94,976000,35.3844,975000,93.7909,974000,20.5615
25327989,989000,3.0012,988000,2,987000,13.2516,985000,0.0992,984000,14.5008,979000,36.2566,978000,5,977000,3.54,976000,35.3844,975000,89.9909
25327990,989000,11.739,988000,2,987000,1,985000,0.0992,984000,1.9774,979000,27.0427,978000,8.288,977000,12.2982,976000,35.364,975000,89.9909
25327991,991000,1.01,990000,3.94,989000,6.515,988000,25,987000,2.8471,981000,7.69,980000,28.8,979000,2.7,977000,2.94,976000,35.3844
25327992,994000,11.9626,991000,1.01,990000,26.9312,989000,10.7378,988000,5.7629,983000,12.6252,982000,8.094,981000,31.3553,980000,5.8,977000,2.9604
25327993,991000,3.95,990000,2.0012,989000,2,988000,39.632,983000,0.0001,979000,35.588,977000,3.8,976000,45.364,975000,90.0113,974000,10.5615
25327994,992000,5.88,991000,1.01,990000,25,989000,14.2516,988000,3.2601,982000,9.6596,980000,41.5212,979000,13.3,976000,35.3844,975000,89.9909
25327995,993000,6.8812,991000,1.01,990000,2,989000,14.9334,988000,2.1942,982000,21.3341,981000,7.94,980000,31.1,979000,3.0619,978000,0.0204
25327996,993000,3.9412,991000,1.01,990000,13.2516,989000,3,988000,2.7931,983000,5.6431,982000,21.0023,981000,2.94,980000,23,979000,11.9619
25327997,994000,3.9638,991000,1.01,990000,2,989000,2.12,988000,4.7179,983000,3.9978,982000,7.1256,981000,5.03,980000,0.0503,979000,12.6919
25327999,994000,4.965,991000,1.01,990000,27.98,989000,2.12,988000,16.7674,983000,4.2978,982000,30.4734,981000,0.0503,980000,3.4746,979000,11.9919
25328000,994000,4.965,991000,1.01,990000,2,989000,2.12,988000,29.8878,986000,2.94,983000,10.2471,982000,10.7101,981000,0.0503,980000,3.4746
25328001,994000,4.965,991000,2.01,990000,1.5062,989000,2.12,988000,2,987000,17.3466,986000,2.94,984000,8.43,983000,7.03,982000,9.2439
25328002,995000,54.8119,994000,5.578,991000,1.01,990000,1.01,989000,1.0162,988000,1.1677,987000,34.8095,984000,2.94,983000,2.93,982000,3.2236
25328003,996000,6.9529,995000,54.8119,994000,9.3871,991000,1.01,990000,1.01,987000,9.8095,985000,12.856,984000,4.433,983000,1.83,982000,3.0503
25328004,995000,55.8131,994000,8.3871,993000,24,992000,7.917,991000,2.252,989000,20,987000,9.8095,984000,4.3647,983000,2.83,982000,13.03
25328005,997000,24.194,996000,3.0117,995000,55.8131,994000,9.3871,991000,1.2338,989000,1.4421,987000,6,986000,13.309,985000,1.9474,984000,25.9602
25328006,996000,3.0117,995000,5.9982,994000,3.9726,991000,1.02,990000,105.7186,987000,6.096,986000,5,985000,1.754,984000,25.94,983000,2.13
25328007,996000,3.0117,995000,4.997,994000,3.9738,991000,1.02,990000,96.7286,987000,10.4401,986000,5,985000,1.9354,984000,25.94,983000,3.9421
25328008,996000,3.0117,995000,4.997,994000,2.9726,991000,3.02,990000,86.8736,987000,1,985000,4.9333,984000,4.4206,983000,8.9219,982000,14.9503
25328009,996000,5.9517,995000,4.997,994000,3.8404,991000,11.243,990000,90.9476,987000,1.2318,985000,17.5234,984000,2.94,983000,8.9219,982000,14.0557
25328010,996000,5.9517,995000,4.997,994000,3.8404,991000,3.02,990000,89.5735,987000,1.1204,985000,20.9333,984000,7.5204,983000,8.9219,982000,14.0552
25328011,996000,20.3775,995000,4.997,994000,3.8304,991000,3.01,990000,71.2012,987000,2.2715,985000,19.2421,984000,6.8204,983000,3.9219,982000,4.0553
25328012,996000,17.4375,995000,4.997,994000,3.6971,991000,4.01,990000,71.1455,987000,2.2715,985000,17.1821,984000,8.6614,983000,3.9219,982000,14.0549
25328013,996000,17.4375,995000,4.997,994000,3.6971,991000,4.01,990000,72.6609,988000,13.8041,987000,9.5509,985000,16.64,984000,2.2169,983000,3.9219
25328014,996000,18.4375,995000,6.1696,994000,3.6971,991000,3.01,990000,3.1372,989000,6.7018,987000,6.3961,986000,3.8,985000,11.4035,983000,4.4329
25328015,996000,4.0117,995000,4.997,994000,3.6971,993000,32.4453,991000,1.3806,987000,8.158,986000,3.8202,985000,13.0273,983000,3.9219,982000,13.03
25328016,997000,23.1928,996000,3.0117,995000,5.7315,994000,51.9526,993000,2.6878,990000,2.2146,989000,6.4207,988000,8.302,987000,1.8188,986000,6.7602
25328017,997000,24.1928,996000,4.1592,995000,4.997,994000,27.0154,993000,28.5017,990000,14.6024,989000,5,988000,8.302,987000,1.8188,986000,6.7602
25328018,997000,24.1928,996000,4.1592,995000,4.997,994000,27.0154,993000,7.6094,990000,6.1536,989000,1.94,987000,7.4588,986000,1.1202,983000,4.4106
25328019,997000,23.1928,996000,4.0117,995000,4.997,994000,27.7154,993000,1.9093,990000,0.6163,989000,5.9382,987000,35.4805,986000,12.1202,983000,4.4111
25328020,997000,23.9273,996000,4.9955,995000,25.997,994000,4.7154,993000,3.5117,990000,8.0456,989000,5,988000,1.0028,987000,5.7427,986000,12.1202
25328021,997000,23.1928,996000,4.2685,995000,25.997,994000,4.7154,993000,0.0266,990000,2.8008,989000,9.4233,988000,23,987000,12.2156,986000,12.1
25328022,997000,24.1928,996000,3.0117,995000,5.4791,994000,5.2089,993000,25.188,990000,8.7679,989000,6.0016,988000,23,987000,6.3968,986000,12.1
25328023,996000,3.7462,995000,5.4791,994000,4.8974,993000,54.8781,990000,0.5888,987000,1,986000,12.0046,983000,4.2464,982000,4.13,981000,0.03
25328024,996000,3.7462,995000,4.997,994000,4.8974,993000,33.954,992000,15.207,989000,2.19,987000,5.2866,986000,13.0439,985000,3.44,984000,0.0202
25328025,996000,3.0117,995000,5.7315,994000,3.8974,993000,35.9791,992000,5.4941,987000,0.9439,986000,5,985000,6.1302,984000,0.0202,983000,1.03
25328026,995000,4.997,994000,4.6319,993000,28.1971,992000,27.1985,991000,18.2537,987000,0.2219,986000,2.1912,985000,3.9449,983000,1.03,982000,4.6491
25328027,995000,4.997,994000,3.8974,993000,26.1871,992000,33.7506,991000,8.872,985000,4.1074,984000,0.0202,983000,1.03,982000,6.3352,981000,0.03
25328028,994000,3.8974,993000,26.9216,992000,1.361,991000,26.9455,990000,6.299,985000,2.94,983000,1.03,982000,9.0346,981000,0.0503,980000,9.6101
25328029,993000,26.9216,992000,1.361,991000,2.03,990000,8.5428,986000,0.02,985000,2.94,984000,5,983000,35.175,982000,9.0346,981000,1.13
25328030,993000,26.9216,992000,1.361,991000,2.195,990000,10.2033,986000,0.002,985000,8.7767,983000,32.0628,982000,6.7549,981000,1.13,980000,6.4278
25328031,995000,5.7318,994000,4.7054,993000,47.6912,992000,2.9519,991000,1.03,985000,4.9373,983000,6.2628,982000,4.4981,981000,2.8841,980000,5.9746
25328032,994000,13.7054,993000,25.188,992000,32.677,991000,21.8087,990000,2.9448,985000,12.6802,984000,2.5436,983000,31.8728,982000,4.4778,981000,2.8841
25328033,995000,5.497,994000,4.5848,993000,25.188,992000,24.381,991000,19.2338,985000,8.8064,984000,40.5223,983000,4.0628,982000,7.1788,981000,2.007
25328034,994000,4.5848,993000,25.188,992000,33.381,991000,3.1156,990000,14.8241,985000,0.3736,984000,4.4846,983000,4.0628,982000,7.67,981000,1.579
25328035,993000,25.188,992000,22.3572,991000,0.02,990000,9,989000,5.4232,985000,0.0133,984000,0.0095,983000,7.0684,982000,11.97,981000,0.03
25328036,992000,2.0211,991000,0.02,990000,11.5933,989000,30.9513,988000,12.5506,985000,0.0039,984000,10.0095,983000,4.0628,982000,9.03,981000,0.03
25328037,992000,2.0211,991000,10.4502,990000,51.0118,989000,1.01,987000,26.8352,984000,8.7224,983000,6.0058,982000,4.03,981000,7.97,980000,5.9746
25328039,990000,50.0118,989000,2.2204,987000,30.949,986000,26.1231,985000,0.8545,983000,4.0628,982000,4.03,981000,7.97,980000,5.9746,979000,2.53
25328040,990000,51.0129,989000,11.2024,987000,31.949,986000,8.1515,985000,1.6814,983000,3.715,982000,6.1337,981000,35.78,980000,5.9746,979000,2.53
25328041,989000,11.2024,987000,23,986000,4.5316,985000,32.9809,983000,3.4799,982000,1.03,981000,7.97,980000,8.0783,979000,27.84,978000,3.8504
25328042,991000,9.02,990000,50.0118,989000,23.8142,987000,31.684,985000,8.1137,982000,3.2975,980000,10.6544,978000,3.8204,976000,18.741,975000,99.9909
25328043,991000,0.02,990000,50.0118,989000,25.1421,987000,31.684,985000,3.2198,981000,8.6118,980000,11.6553,979000,8.8852,978000,3.8204,976000,18.741
25328044,992000,2.019,991000,0.02,989000,13.2935,986000,36.6692,985000,1.998,981000,1.3007,980000,22.7585,979000,14.4852,978000,0.6204,976000,19.741
25328045,991000,0.02,990000,51.0129,989000,26.3113,986000,23,985000,6.3474,981000,1.14,980000,22.7745,979000,10.2861,978000,0.6,977000,10.0204
25328046,991000,0.02,990000,76.2009,989000,25.3113,986000,23,985000,10.1955,981000,2.0658,980000,22.7745,979000,9.8861,978000,1.7,976000,19.741
25328047,991000,0.02,990000,76.2009,989000,12.2924,988000,11.7112,985000,21.3299,982000,5.1545,981000,33.8357,980000,15.7176,979000,8.8852,978000,1.1
25328048,992000,3.0201,991000,0.02,990000,76.1998,989000,13.6001,985000,2.0826,982000,17.8402,981000,37.7766,980000,15.1176,979000,8.9056,978000,1.1
25328049,991000,0.02,990000,1,989000,23.7353,986000,23,985000,2.6119,982000,6.3534,981000,13.7757,980000,23.8856,979000,11.5852,978000,2.1213
25328050,991000,9.02,990000,0.3996,989000,12.2924,986000,30.76,985000,19.166,981000,19.6169,980000,5.6544,979000,8.8852,978000,15.81,977000,0.0204
25328051,991000,9.02,990000,0.3996,989000,25.5185,986000,31.76,985000,21.2229,981000,20.4677,980000,8.5944,979000,9.9852,978000,14.71,977000,0.0204
25328052,991000,9.02,990000,0.3996,989000,12.9921,986000,30.76,985000,35.5306,981000,18.4151,980000,15.6377,979000,8.8852,978000,4.8009,976000,19.7614
25328053,991000,9.02,990000,0.3996,989000,25.7269,986000,30.76,985000,14.567,981000,21.5462,980000,2.94,979000,8.8852,978000,9.5868,976000,19.7614
25328054,991000,9.02,990000,0.3996,989000,12.2751,986000,30.76,985000,9.3159,982000,8.6372,981000,28.8315,979000,8.8852,978000,9.5868,977000,10.2333
25328055,990000,1.4007,989000,10.991,988000,29.7382,986000,8.089,985000,2.9352,982000,5.4656,981000,28.8315,980000,2.94,979000,8.8852,978000,9.5868
25328056,990000,1.4007,989000,22.6849,988000,24.99,986000,31.089,985000,1,982000,9.1736,981000,28.8315,980000,2.94,979000,8.8852,978000,9.5868
25328057,991000,0.02,990000,1.4007,989000,22.6849,986000,23,985000,13.9576,982000,6.2887,981000,20.5145,979000,11.8252,978000,9.5868,977000,10.2333
25328058,991000,11.96,990000,1.4007,989000,22.6849,986000,23,985000,8.973,984000,0.01,982000,10.6352,981000,20.5145,979000,8.8852,978000,10.8868
25328059,991000,2.96,990000,1.4007,989000,15.316,986000,7.976,985000,23.99,982000,9.4107,981000,20.5145,980000,2,979000,17.4768,978000,6.1009
25328060,990000,1.4007,989000,11.991,988000,9.1648,986000,7.976,985000,25.7885,982000,5.7238,981000,20.5145,980000,11.3474,979000,11.8252,978000,6.1009
25328061,990000,1.4007,989000,16.8451,988000,21,987000,23,985000,4.9429,982000,8.8444,981000,23.4545,980000,11.3474,979000,11.5852,978000,3.4009
25328062,991000,0.02,990000,1.4007,989000,24.777,986000,23,985000,16.4833,983000,0.0412,982000,7.6328,981000,26.4545,980000,5.1866,979000,11.0852
25328063,993000,2.94,992000,4.0525,990000,1.4007,989000,13.2239,986000,58.0042,983000,1.7915,982000,6.9296,981000,17.3545,980000,5.1829,979000,8.8852
25328064,990000,1.4007,989000,21.7302,988000,46.5032,987000,8.036,986000,6.8056,983000,16.1256,982000,1.9296,981000,14.4145,980000,6.3829,979000,8.8852
25328065,992000,4.0525,990000,1.4007,989000,10.991,988000,1,986000,0.2,985000,0.5855,983000,1.0824,982000,4.8696,981000,14.4145,980000,7.9829
25328066,994000,4.6918,992000,5.0536,990000,22.9028,989000,11.991,988000,6.4096,985000,3.0855,984000,2.0323,983000,8.8304,982000,6.1496,981000,15.6145
25328067,994000,2.7529,993000,1,992000,4.0525,990000,0.3996,989000,21.7939,985000,3.5336,984000,12.1329,983000,15.8781,982000,0.0206,981000,15.0348
25328068,993000,1,992000,4.0525,990000,0.3996,989000,19.209,988000,2.8638,985000,13.0295,984000,29.0621,983000,0.0824,982000,11.7551,981000,9.5799
25328069,992000,4.0525,990000,0.3996,989000,1.999,988000,52.88,987000,3.2524,985000,13.5295,984000,22.811,983000,20.7747,982000,0.5206,981000,9.5596
25328070,992000,4.0525,990000,11.3916,989000,5.3015,988000,60.66,987000,6.4867,985000,17.6187,984000,27.811,983000,3.5224,982000,0.5206,981000,16.3788
25328071,992000,11.7085,991000,57.3629,990000,10.3916,989000,0.999,988000,32.7197,985000,17.0272,984000,19.4615,983000,3.5224,982000,11.7455,981000,9.5799
25328072,992000,4.0525,991000,7.3629,990000,10.3916,989000,0.999,988000,32.7197,985000,22.0272,984000,19.4615,983000,3.6041,982000,14.0153,981000,6.2596
25328073,993000,1.0011,992000,4.0525,990000,13.6259,989000,0.999,988000,37.9433,985000,21.9413,984000,19.4615,983000,3.6041,982000,4.3206,981000,6.2596
25328074,993000,2.0022,992000,4.0525,990000,10.992,989000,23.999,988000,26.6857,985000,29.3405,984000,20.8786,983000,0.6641,982000,2.9206,981000,6.2596
25328075,993000,3.0022,992000,4.0525,990000,9.992,989000,0.999,988000,11.9585,985000,40.5596,984000,16.57,983000,1.4044,982000,4.3206,981000,6.2596
25328076,993000,2.0022,992000,5.0525,990000,9.992,989000,8.982,988000,21.5201,985000,45.5584,984000,11.57,983000,0.6641,982000,4.3206,981000,16.2596
25328077,993000,2.0011,992000,11.7085,990000,9.992,989000,8.982,988000,21.1161,985000,49.7402,984000,11.57,983000,0.6641,982000,4.3206,981000,14.1602
25328078,993000,2.0011,992000,11.7085,990000,9.992,989000,0.999,988000,12.8447,985000,50.0008,984000,11.57,983000,0.6641,982000,4.3206,981000,14.1602
25328080,993000,2.5481,992000,4.0525,990000,55.972,989000,5.4222,988000,3.0411,987000,0.1,985000,46.8629,984000,11.57,983000,2.9824,982000,1.6206
25328081,993000,2.5481,992000,4.0525,990000,9.992,989000,0.999,988000,0.6001,987000,0.1116,986000,20.7059,985000,50.6713,984000,12.6626,983000,1.7027
25328082,993000,2.5481,992000,4.0525,991000,23,990000,9.992,989000,0.6314,987000,0.1,986000,20.7059,985000,58.2316,984000,21.6626,983000,3.8027
25328083,994000,2.8508,993000,2.5481,992000,35.4255,990000,14.4153,989000,0.581,987000,5.1553,986000,34.691,985000,32.2436,984000,21.5903,983000,2.2824
25328084,996000,3.0117,995000,24.3062,994000,11.0481,992000,8.4758,990000,9.992,988000,32.2114,987000,8.197,986000,23.6459,985000,34.683,984000,18.6502
25328085,996000,3.0117,995000,27.4165,994000,2.8508,992000,8.4758,990000,7.9796,989000,5.01,988000,31.9571,986000,23.4059,985000,31.7196,984000,8.6502
25328086,996000,3.0117,995000,36.9024,994000,2.8508,992000,8.4758,990000,3.9796,989000,5.01,988000,31.857,986000,20.7059,985000,31.7196,984000,8.6502
25328087,996000,2.612,995000,33.8465,994000,25.354,993000,4.4233,992000,4.0525,990000,22.8372,989000,11.8204,988000,7.7279,986000,23.4059,985000,31.7196
25328088,996000,2.612,995000,30.1113,994000,2.8508,993000,4.4233,992000,4.0525,989000,6.067,988000,7.7279,986000,57.196,985000,29.3924,984000,8.6503
25328089,996000,2.612,995000,24.3051,994000,2.8508,993000,4.4233,992000,4.0525,989000,49.8563,987000,3.8,986000,28.406,985000,29.4126,984000,8.63
25328090,996000,2.612,995000,24.3051,994000,2.8508,993000,4.4233,992000,2.495,990000,7.9259,989000,35.7499,987000,3.8,986000,23.406,985000,29.4126
25328091,997000,47.6197,996000,2.612,995000,24.3051,994000,2.8508,993000,4.4233,990000,12.4159,989000,25.0239,988000,2.2,987000,1.1,986000,15.7261
25328092,998000,27.1616,997000,47.6197,996000,2.612,995000,23.8051,994000,33.2541,991000,7.6366,990000,5,989000,36.3329,987000,3.8,986000,15.7261
25328093,996000,2.612,995000,49.7665,994000,2.8508,993000,14.4233,991000,0.4821,989000,13.0089,987000,13.9319,986000,15.7059,985000,29.3924,984000,9.2511
25328094,997000,38.6186,996000,2.612,995000,22.8051,994000,2.8508,993000,59.3314,990000,0.4183,989000,0.0439,988000,5,986000,23.0358,985000,29.4126
25328095,995000,22.8051,994000,3.8508,993000,27.152,992000,4.448,990000,1.2643,988000,12.8362,986000,24.1953,985000,29.4126,984000,9.2309,983000,0.5824
25328096,995000,23.3051,994000,3.8508,993000,11,992000,13.1889,990000,1.0127,988000,11.0621,986000,20.5059,985000,29.3924,984000,9.2512,983000,0.5824
25328097,995000,23.3051,994000,3.8508,993000,11,992000,13.1889,990000,1.0127,988000,5.6945,986000,21.7059,985000,30.7924,984000,9.2309,983000,0.6027
25328098,995000,23.3051,994000,3.8508,993000,11,992000,13.1889,990000,1.0127,988000,4.2912,987000,28,986000,19.4059,985000,30.0924,984000,9.2511
25328099,996000,5.552,995000,24.3051,994000,11.0771,992000,26.9512,990000,1.0127,988000,11.4761,987000,36.817,986000,17.3059,985000,27.1524,984000,12.1911
25328100,995000,24.3051,994000,11.0771,993000,27,992000,4.448,990000,0.1106,988000,9.155,987000,8.817,986000,16.7059,985000,27.1524,984000,12.1709
25328101,997000,38.6197,996000,5.552,995000,27.3051,994000,18.2539,993000,23.8638,988000,10.698,987000,6,986000,15.7059,985000,28.8726,984000,12.1709
25328102,997000,38.6197,996000,5.552,995000,33.7574,994000,43.6986,993000,3.4545,988000,28.0593,987000,30.99,986000,18.4059,985000,27.1726,984000,12.1709
25328103,997000,39.4863,996000,5.552,995000,19.3115,994000,25.2475,993000,1.8638,988000,6.9858,987000,28.99,986000,17.4059,985000,27.5076,984000,12.1709
25328104,997000,38.6186,996000,5.552,995000,19.3115,994000,34.8016,993000,5.4085,989000,9.7082,988000,9.0585,986000,32.5301,985000,26.8076,984000,12.1912
25328105,997000,37.6186,996000,6.552,995000,33.7574,994000,35.8016,993000,7.7585,989000,9.7082,988000,8.058,987000,5.6962,986000,16.8059,985000,26.8028
25328106,997000,37.6186,996000,6.552,995000,33.7574,994000,12.8016,993000,2.4638,989000,1.2442,988000,25.9595,986000,32.8571,985000,26.823,984000,12.8164
25328107,998000,24.2216,997000,37.6186,996000,24.5741,995000,19.3115,994000,27.2618,990000,3.9147,989000,1.2442,988000,24,986000,18.9244,985000,26.8025
25328108,998000,24.2216,997000,37.6186,996000,24.5741,995000,33.2574,994000,23.3513,990000,10.044,989000,1.2442,988000,32.5669,987000,1.2,986000,1.0038
25328109,998000,24.2216,997000,38.4863,996000,24.5741,995000,18.8115,994000,14.3876,990000,3.9147,989000,1.2442,988000,20.6979,986000,4.804,985000,26.4524
25328110,997000,38.4863,996000,24.5741,995000,33.2574,994000,28.48,993000,5.1193,989000,8.3725,988000,28,987000,14.116,986000,2.104,985000,26.4524
25328111,997000,38.4863,996000,24.5741,995000,19.8115,994000,28.48,993000,23.9885,989000,70.2255,988000,23,987000,15.1189,986000,1.1,985000,26.4524
25328112,997000,38.6186,996000,24.5741,995000,18.8115,994000,28.48,993000,7.4891,990000,3.4952,989000,112.3724,988000,23,986000,1.1,985000,26.4524
25328113,996000,24.5741,995000,18.8115,994000,28.48,993000,14.8481,992000,3.0306,989000,107.4724,988000,5,986000,1.1,985000,26.4524,984000,9.8967
25328114,997000,40.354,996000,21.6341,995000,21.7515,994000,28.48,993000,15.7318,989000,93.2986,988000,28,986000,3.8,985000,26.4524,984000,10.1655
25328115,997000,40.354,996000,21.6341,995000,21.7515,994000,28.48,993000,20.5489,989000,96.2836,988000,28,986000,1.1,985000,26.4524,984000,10.1654
25328116,997000,41.4875,996000,21.6341,995000,21.7515,994000,36.778,993000,14.1518,989000,89.3874,988000,28,986000,1.1,985000,12.5,984000,9.8966
25328117,996000,21.6341,995000,28.6263,994000,13.529,993000,2.8537,992000,27.8689,989000,119.0657,986000,3.8,985000,12.5,984000,9.8764,983000,6.598
25328118,997000,39.6198,996000,21.6341,995000,28.6263,994000,13.529,992000,23.2115,989000,96.0657,986000,3.8,985000,12.5,984000,9.8966,983000,6.5777
25328119,997000,39.6198,996000,21.6341,995000,28.6263,994000,5.48,993000,23,989000,96.0657,988000,30.788,986000,14.5605,985000,12.5,984000,19.8967
25328120,997000,38.6186,996000,21.6341,995000,28.6263,994000,13.595,993000,31.8544,989000,96.0657,988000,30.788,986000,14.5605,985000,12.5,984000,19.8764
25328121,997000,37.6186,996000,21.6341,995000,22.7515,994000,12.8396,992000,6.1025,989000,87.4724,987000,10,986000,31.354,985000,12.5,984000,13.6764
25328122,996000,21.6341,995000,22.7515,994000,12.8396,992000,37.2865,991000,35.0945,989000,87.4724,987000,11.1,985000,13.4,984000,12.5764,983000,6.598
25328123,996000,21.6341,995000,21.7515,994000,13.8396,992000,37.2865,991000,9.1145,989000,87.9724,987000,18.975,985000,16.1,984000,9.8764,983000,6.598
25328124,996000,21.6341,995000,21.7515,994000,13.8396,992000,31.194,991000,10.5103,989000,53.0189,987000,11.1,986000,8.288,985000,22.8176,984000,13.6764
25328125,998000,24.2216,997000,37.6186,996000,21.6341,995000,21.7515,994000,42.2221,989000,53.0189,987000,11.6916,986000,8.288,985000,12.5,984000,13.6967
25328126,996000,21.6341,995000,22.7515,994000,32.4184,993000,14.6675,992000,0.4179,989000,53.0189,987000,10.0167,985000,13.6,984000,9.8764,983000,3.5427
25328127,997000,38.6198,996000,21.6341,995000,21.7515,994000,17.2638,992000,13.2223,989000,53.0189,987000,1.1,985000,24.5717,984000,9.8764,983000,3.5427
25328128,996000,21.6341,995000,21.7515,994000,12.8405,992000,40.6102,991000,5.2052,989000,53.5189,987000,1.1,986000,7.781,985000,26.3717,984000,9.8967
25328129,996000,21.6341,995000,21.7515,994000,12.8405,992000,12.6202,991000,5.2052,989000,54.5189,987000,1.1,985000,24.6717,984000,9.8764,983000,3.5427
25328130,996000,21.6341,995000,21.7515,994000,45.2538,992000,8.1969,991000,4.6195,989000,54.5189,987000,32.518,985000,24.6717,984000,9.8967,983000,3.5224
25328131,996000,21.6341,995000,21.7515,994000,45.2538,992000,8.1969,991000,6.9024,989000,75.1643,987000,32.518,985000,26.3717,984000,9.8967,983000,3.5224
25328132,996000,21.6341,995000,28.6263,994000,33.4709,992000,0.4179,991000,7.92,989000,74.228,987000,24.1,985000,12.5,984000,13.6967,983000,3.5224
