25291620,10500000,0.039,10490000,0.7563,10480000,0.3963,10450000,1.1099,10430000,0.071,10420000,0.0022,10410000,0.01,10400000,0.1587,10390000,0.0803,10380000,0.01
25291621,10500000,0.039,10490000,0.7563,10480000,0.3333,10450000,0.0653,10430000,0.8097,10410000,1.8384,10400000,0.09,10390000,0.0803,10380000,0.01,10370000,0.0161
25291622,10490000,0.9058,10480000,0.2767,10460000,0.0074,10450000,0.0653,10430000,0.6007,10410000,1.7971,10400000,0.1517,10390000,0.0419,10380000,0.01,10370000,0.0207
25291623,10500000,0.3378,10490000,0.7563,10480000,0.1654,10440000,0.2673,10430000,0.1755,10420000,0.0011,10410000,3.4531,10400000,0.097,10390000,0.0419,10380000,0.01
25291624,10510000,0.5783,10500000,0.039,10490000,0.8463,10480000,1.4311,10430000,1.0511,10410000,0.2606,10400000,0.2521,10390000,0.0419,10380000,0.01,10370000,0.0161
25291625,10490000,1.7953,10480000,0.5068,10470000,1.2092,10460000,0.7792,10420000,0.5642,10390000,0.2235,10380000,0.01,10370000,0.0161,10360000,0.0615,10350000,0.0957
25291626,10490000,0.8463,10480000,0.1784,10470000,0.0173,10460000,1.2743,10430000,3.4676,10400000,0.7725,10390000,0.7154,10380000,0.1,10370000,0.2809,10360000,0.0615
25291627,10490000,1.8006,10480000,0.1784,10470000,0.1753,10460000,1.1719,10430000,2.8849,10410000,0.0661,10390000,0.0419,10380000,0.1436,10370000,0.2344,10360000,0.2472
25291628,10500000,0.039,10490000,1.8006,10480000,0.1784,10470000,0.4894,10420000,0.7834,10390000,0.8439,10370000,0.0576,10360000,0.455,10350000,0.0957,10340000,1.1
25291629,10500000,0.039,10490000,0.8576,10480000,0.5711,10470000,0.152,10450000,0.0474,10420000,1.6368,10390000,0.346,10380000,1.9,10370000,0.0161,10360000,1.1912
25291630,10490000,1.239,10480000,0.1873,10470000,1.0263,10440000,1.917,10430000,0.4303,10400000,0.5909,10390000,0.0543,10370000,0.0207,10360000,0.2472,10350000,0.0957
25291631,10500000,0.039,10490000,1.239,10480000,0.2266,10470000,1.1125,10460000,1.0303,10440000,0.2875,10430000,0.2666,10400000,1.0943,10390000,0.2614,10370000,0.0621
25291632,10500000,0.039,10490000,1.5763,10480000,0.1873,10470000,0.0102,10460000,3.8051,10430000,0.2513,10400000,0.5507,10390000,0.0543,10370000,0.0207,10360000,1.1912
25291633,10490000,1.1524,10480000,0.1784,10470000,0.0102,10460000,3.3567,10450000,0.6178,10420000,0.1433,10390000,0.0543,10370000,0.0626,10360000,1.4912,10350000,0.0957
25291634,10500000,0.039,10490000,0.8463,10480000,0.1784,10470000,1.1102,10460000,0.999,10450000,0.0106,10440000,0.1811,10420000,0.0061,10390000,0.0543,10380000,0.9539
25291635,10510000,0.1423,10500000,0.039,10490000,1.768,10480000,1.7669,10460000,0.7118,10450000,0.043,10440000,0.2811,10420000,0.0061,10400000,0.0862,10390000,0.3442
25291636,10500000,0.039,10490000,1.768,10480000,0.3195,10460000,0.0739,10450000,0.4077,10440000,0.0007,10430000,0.0446,10420000,0.0061,10400000,0.2712,10390000,0.3442
25291637,10480000,0.3195,10460000,0.0327,10450000,1.2994,10410000,0.1012,10400000,2.7445,10390000,0.2843,10380000,0.152,10370000,0.0161,10360000,0.0615,10350000,0.1003
25291638,10460000,0.0327,10450000,1.4624,10410000,0.2068,10400000,0.6783,10390000,0.003,10360000,0.3095,10350000,0.1866,10340000,2.8408,10330000,0.5074,10320000,0.01
25291639,10460000,0.0327,10450000,0.5407,10410000,0.2068,10400000,1.5882,10390000,1.3971,10360000,0.6841,10350000,0.0953,10340000,1.1194,10330000,0.5074,10320000,0.01
25291640,10460000,0.9757,10450000,0.2811,10410000,0.2068,10400000,0.5836,10390000,0.003,10380000,0.5314,10360000,0.558,10350000,0.0907,10340000,2.3262,10330000,0.5074
25291641,10450000,0.2546,10410000,0.2068,10400000,0.5836,10390000,0.0595,10370000,0.0322,10360000,1.9305,10350000,0.1544,10340000,2.1275,10330000,0.5074,10320000,0.01
25291642,10500000,0.039,10490000,0.7563,10480000,0.1904,10460000,0.0327,10450000,1.0634,10410000,0.7769,10400000,0.0761,10390000,0.0456,10380000,0.031,10370000,0.2618
25291643,10470000,1.786,10460000,0.0422,10450000,0.8762,10410000,0.599,10400000,0.7247,10380000,0.856,10370000,0.7257,10360000,0.5534,10350000,0.0959,10340000,2.1275
25291644,10470000,2.7077,10460000,0.0422,10450000,0.0916,10410000,0.1464,10400000,0.8035,10370000,0.3703,10360000,0.0603,10350000,0.0959,10340000,2.1275,10330000,0.5
25291645,10480000,0.4759,10460000,1.2828,10450000,1.4621,10410000,0.4997,10390000,0.3512,10380000,1.7558,10370000,0.2545,10360000,0.02,10350000,0.1328,10340000,2.6275
25291646,10460000,0.0503,10450000,1.0252,10440000,0.1493,10430000,2.253,10410000,0.4997,10390000,1.0533,10380000,0.2194,10370000,0.0198,10360000,0.02,10350000,0.0959
25291647,10480000,0.476,10460000,0.0503,10450000,1.0252,10440000,0.9023,10410000,0.2322,10390000,0.6264,10380000,0.0365,10370000,0.2434,10360000,0.02,10350000,0.0959
25291648,10460000,0.9933,10450000,1.0252,10440000,0.4469,10410000,0.9852,10400000,0.1442,10380000,0.0553,10370000,0.0198,10360000,0.0573,10350000,0.2828,10340000,2.1285
25291649,10440000,0.2978,10430000,0.0059,10420000,0.0001,10410000,0.3322,10400000,0.2218,10370000,0.6283,10360000,0.4839,10350000,0.0959,10340000,2.3154,10330000,0.5
25291650,10430000,0.0059,10420000,0.0001,10410000,0.3322,10400000,0.03,10380000,0.1915,10360000,0.2022,10350000,0.0959,10340000,2.1285,10330000,0.5,10320000,0.01
25291651,10430000,0.0059,10420000,0.0554,10410000,0.3322,10400000,0.03,10380000,0.0637,10370000,0.1141,10360000,0.5409,10350000,0.1552,10340000,1.1194,10330000,0.5
25291652,10440000,1.6786,10430000,0.0059,10420000,0.0001,10410000,0.1,10400000,0.03,10380000,0.3471,10370000,0.6944,10360000,0.02,10350000,0.0959,10340000,1.301
25291653,10460000,0.0177,10450000,0.1036,10440000,2.2218,10430000,0.0059,10420000,0.0008,10410000,0.0497,10390000,1.393,10380000,2.0393,10370000,0.3102,10360000,0.02
25291654,10460000,0.0001,10450000,0.1036,10440000,0.3225,10430000,0.0059,10420000,0.9225,10390000,0.3396,10380000,2.753,10370000,0.1523,10360000,0.02,10350000,0.4766
25291655,10460000,0.0001,10450000,3.5573,10440000,0.0002,10430000,0.0059,10420000,4.4479,10400000,0.2883,10390000,3.6682,10380000,0.9804,10370000,0.1141,10360000,0.02
25291656,10460000,0.0001,10450000,1.9026,10440000,0.0002,10430000,0.0059,10420000,1.8577,10400000,1.1845,10390000,3.7859,10370000,0.152,10360000,0.02,10350000,0.2852
25291657,10460000,0.0001,10450000,1.9026,10440000,0.0002,10430000,0.0001,10420000,3.8591,10400000,0.1155,10390000,3.7891,10370000,0.1526,10360000,0.02,10350000,0.2852
25291658,10460000,0.0001,10450000,2.8243,10440000,0.0002,10430000,0.0001,10420000,0.6684,10400000,0.7983,10390000,3.7891,10380000,0.0042,10370000,0.1526,10360000,0.02
25291659,10460000,0.0001,10450000,1.9026,10440000,0.0002,10430000,0.0001,10420000,0.4619,10390000,3.1369,10380000,0.0042,10370000,0.1141,10360000,0.02,10350000,0.2852
25291660,10480000,2.434,10470000,0.0001,10460000,0.0001,10450000,0.1036,10440000,0.0001,10430000,0.2689,10420000,0.056,10410000,0.0379,10390000,2.9434,10380000,0.0042
25291661,10480000,2.434,10470000,0.0001,10460000,0.0001,10450000,0.1036,10440000,0.2885,10420000,0.046,10390000,2.3069,10380000,0.0042,10370000,0.1141,10360000,0.02
25291662,10470000,0.0075,10460000,0.0001,10450000,0.8566,10440000,0.9225,10410000,0.3846,10390000,2.5546,10380000,0.0042,10370000,0.1141,10360000,0.02,10350000,1.9497
25291663,10470000,0.0075,10460000,0.0001,10450000,0.1036,10440000,0.9218,10400000,0.5067,10390000,1.2301,10380000,0.0605,10370000,0.1141,10360000,0.02,10350000,1.9497
25291664,10470000,0.9505,10460000,0.0001,10450000,0.5032,10440000,1.1815,10400000,0.0407,10390000,0.4917,10380000,0.0565,10370000,0.1485,10360000,0.02,10350000,2.0285
25291665,10460000,0.0058,10450000,1.4648,10440000,0.7531,10430000,0.2603,10400000,0.0407,10390000,0.1427,10380000,0.0565,10370000,0.1454,10360000,0.12,10350000,2.0285
25291666,10440000,0.7531,10430000,0.943,10420000,0.046,10380000,0.0176,10370000,0.5347,10360000,0.0295,10350000,2.0047,10340000,1.1194,10330000,0.5,10320000,3.9004
25291667,10420000,0.238,10410000,1.387,10380000,0.0176,10370000,1.0272,10350000,0.6352,10340000,1.016,10330000,0.5,10320000,2.0142,10310000,1.0119,10300000,1.3587
25291668,10440000,0.7655,10410000,1.6491,10380000,1.3376,10370000,0.4753,10350000,0.4648,10340000,0.4092,10330000,0.5246,10320000,2.1376,10310000,1.0119,10300000,1.3587
25291669,10430000,0.1891,10410000,1.6491,10380000,0.0176,10370000,0.6423,10350000,0.3524,10340000,1.0091,10330000,0.5,10320000,2.1324,10300000,1.3587,10290000,2.2952
25291670,10450000,2.3291,10440000,0.0001,10430000,1.9653,10420000,0.5947,10410000,0.1108,10370000,1.197,10350000,0.5898,10340000,1.032,10330000,0.6148,10320000,2.0142
25291671,10410000,1.0538,10400000,0.9996,10390000,1.227,10380000,0.7663,10370000,0.3412,10340000,0.2533,10330000,1.9,10320000,2.0042,10300000,1.3587,10290000,1.9811
25291672,10440000,0.0001,10430000,1.4631,10420000,0.0097,10410000,2.1983,10390000,0.555,10350000,0.6279,10340000,5.9181,10330000,0.5,10320000,2.0042,10300000,1.3587
25291673,10430000,1.0251,10410000,0.0075,10400000,2.394,10390000,1.127,10360000,0.0198,10350000,0.5921,10340000,0.4109,10330000,0.5,10320000,2.0042,10300000,1.3587
25291674,10440000,0.0001,10430000,1.0251,10410000,0.9505,10390000,0.4383,10360000,0.1795,10350000,4.8059,10340000,0.0508,10330000,0.5,10320000,2.0042,10300000,1.3587
25291675,10450000,2.1961,10440000,0.0001,10430000,1.9681,10410000,0.6835,10390000,0.0993,10360000,0.0874,10350000,0.25,10330000,0.5052,10320000,2.0042,10300000,1.3587
25291676,10430000,0.4892,10420000,0.438,10410000,0.0535,10400000,0.993,10370000,0.1004,10350000,5.0554,10330000,0.5521,10320000,2.0042,10300000,1.3587,10290000,1.9811
25291677,10440000,0.0001,10430000,0.4342,10410000,1.181,10400000,0.1058,10390000,0.0406,10350000,1.4951,10330000,0.5521,10320000,2.0042,10300000,1.3587,10290000,1.9811
25291678,10450000,2.1961,10440000,0.0001,10430000,1.9681,10420000,0.284,10400000,0.1058,10390000,0.0424,10350000,5.0545,10330000,0.4051,10320000,2.0042,10300000,1.3587
25291679,10450000,2.4871,10440000,0.0001,10430000,1.371,10420000,1.4,10410000,0.943,10390000,0.0912,10360000,0.0042,10350000,5.338,10330000,0.4051,10320000,2
25291680,10450000,2.4871,10440000,0.8361,10430000,0.8631,10420000,2.843,10410000,0.016,10390000,0.0915,10360000,0.0042,10350000,5.0545,10330000,0.4051,10320000,2
25291681,10470000,1.0115,10460000,0.9431,10450000,1.0506,10440000,0.6843,10430000,3.9601,10410000,0.2059,10390000,0.0912,10360000,0.0042,10350000,5.2278,10330000,0.4051
25291682,10460000,0.0001,10450000,1.0506,10440000,1.5203,10430000,1.6891,10420000,1.955,10390000,0.2692,10360000,0.0042,10350000,0.4233,10330000,0.4051,10320000,2
25291683,10440000,1.526,10430000,0.1891,10410000,0.01,10400000,0.006,10390000,1.0074,10360000,0.0823,10350000,0.25,10330000,0.5941,10320000,2,10300000,1.3587
25291684,10450000,1.1054,10440000,0.429,10430000,1.0251,10390000,0.1099,10370000,1.0743,10340000,0.2899,10330000,2.7948,10320000,2,10300000,1.3587,10290000,1.9811
25291685,10440000,1.4404,10430000,2.0147,10390000,0.1099,10370000,0.0443,10360000,0.1851,10330000,2.256,10320000,2,10300000,1.3587,10290000,1.9811,10280000,0.0097
25291686,10450000,0.5588,10440000,1.4404,10430000,1.1321,10390000,1.3626,10370000,0.0531,10340000,0.3913,10330000,2.3545,10320000,2,10300000,1.3587,10290000,1.9811
25291687,10420000,1.8598,10390000,0.0999,10370000,0.6017,10360000,0.3365,10340000,0.7138,10330000,0.3851,10320000,2,10300000,1.3587,10290000,1.9811,10280000,1.0097
25291688,10370000,0.3177,10360000,0.9963,10340000,1.0616,10330000,0.2053,10310000,0.3319,10300000,0.2618,10290000,2.03,10280000,0.0097,10270000,0.1019,10250000,0.1703
25291689,10360000,0.836,10340000,1.0492,10330000,0.1533,10320000,0.248,10310000,4.2668,10240000,0.311,10230000,2.2,10220000,9.2585,10210000,9.834,10200000,12.1947
25291690,10340000,1.0492,10330000,0.1533,10310000,0.6042,10290000,0.2717,10260000,0.167,10240000,0.2663,10230000,0.4119,10220000,9.2585,10210000,9.834,10200000,12.1947
25291691,10340000,1.0492,10330000,1.2833,10300000,0.6948,10290000,0.689,10280000,0.2227,10270000,0.0067,10260000,0.0473,10240000,4.8847,10230000,0.3,10220000,9.2585
25291692,10340000,1.0492,10330000,1.0353,10320000,0.44,10280000,0.9709,10270000,0.2924,10240000,0.0365,10230000,0.3,10220000,9.2585,10210000,9.834,10200000,12.1947
25291693,10330000,0.9053,10280000,0.6282,10270000,0.665,10250000,0.0501,10240000,0.3587,10230000,1.224,10220000,9.3054,10210000,9.834,10200000,12.1947,10190000,2.5246
25291694,10320000,1.374,10280000,0.4246,10270000,0.665,10250000,0.0501,10240000,0.7088,10220000,8.1754,10210000,9.8874,10200000,12.2392,10190000,0.9946,10180000,3.6447
25291695,10320000,0.486,10280000,0.2227,10270000,0.665,10250000,0.0501,10240000,0.8818,10220000,0.0731,10210000,9.5297,10200000,12.1902,10190000,0.9946,10180000,3.0587
25291696,10340000,1.0492,10330000,0.8593,10320000,0.1944,10280000,0.2227,10250000,0.0149,10220000,0.3509,10210000,9.5105,10200000,12.2702,10190000,1.0946,10180000,3.0587
25291697,10360000,0.0075,10340000,1.0492,10330000,0.0233,10320000,1.312,10310000,1.9857,10270000,0.2218,10250000,0.1053,10220000,0.6471,10210000,9.6258,10200000,12.2702
25291698,10380000,0.02,10370000,0.2443,10360000,0.006,10350000,0.438,10340000,2.2826,10330000,0.0675,10320000,0.0992,10310000,0.22,10270000,1.4461,10250000,0.0257
25291699,10390000,0.0999,10370000,0.5832,10350000,0.3,10340000,0.9063,10330000,0.0075,10310000,0.22,10300000,0.0474,10280000,1.753,10270000,0.9122,10250000,0.7071
25291700,10400000,0.0466,10390000,0.0999,10370000,0.5229,10360000,2.9286,10340000,0.7219,10320000,2.771,10310000,0.0444,10280000,1.2231,10270000,0.0204,10250000,0.0484
25291701,10400000,0.0466,10390000,0.0999,10380000,0.0055,10370000,0.2443,10350000,0.4383,10340000,2.4558,10330000,2.2699,10320000,0.4762,10300000,0.0042,10280000,1
25291702,10380000,0.0055,10370000,0.2443,10360000,0.006,10350000,2.2881,10340000,1.991,10320000,0.7499,10300000,0.0042,10280000,1,10270000,0.0204,10250000,0.0257
25291703,10370000,0.8026,10360000,0.192,10350000,0.004,10340000,2.2991,10330000,0.753,10320000,0.2096,10310000,0.0505,10300000,0.0042,10280000,1.2213,10270000,0.0204
25291704,10370000,0.2443,10350000,0.0048,10340000,3.0715,10320000,0.1487,10310000,0.7185,10280000,0.0819,10270000,0.0204,10250000,0.1717,10220000,0.5044,10210000,9.6888
25291705,10370000,0.2443,10350000,0.0048,10340000,0.6214,10320000,0.1487,10300000,0.471,10290000,0.03,10280000,0.0602,10270000,0.0204,10250000,0.0501,10240000,0.1446
25291706,10370000,0.4023,10350000,0.0048,10340000,0.6214,10320000,1.0675,10310000,0.095,10290000,0.6171,10270000,0.6353,10250000,0.0313,10240000,0.1571,10230000,0.062
25291707,10340000,0.017,10330000,0.03,10320000,0.7591,10310000,1.33,10300000,0.1948,10290000,0.0044,10270000,0.0204,10250000,0.0604,10240000,0.626,10220000,6.6652
25291708,10340000,0.011,10320000,0.1487,10300000,0.1298,10290000,0.9188,10280000,1.3724,10270000,1.1938,10260000,0.0452,10250000,0.3108,10240000,2.2663,10230000,0.05
25291709,10320000,0.1487,10310000,0.004,10300000,0.1298,10290000,1.3289,10280000,1.2726,10260000,0.0036,10250000,0.2188,10240000,2.2663,10230000,0.05,10220000,1.5044
25291710,10280000,0.0433,10270000,0.8699,10260000,0.0426,10240000,0.0937,10230000,1.2602,10220000,0.4331,10210000,9.7526,10200000,12.2751,10190000,1.0718,10180000,3.0587
25291711,10340000,0.0576,10320000,0.8894,10300000,0.1298,10280000,0.7107,10270000,0.455,10240000,0.1922,10230000,0.9855,10220000,0.2557,10210000,8.8213,10200000,12.2751
25291712,10340000,1.0006,10320000,0.905,10300000,0.1298,10280000,0.1063,10270000,1.0982,10240000,0.0002,10230000,0.1786,10220000,0.3157,10210000,8.7709,10200000,12.2751
25291713,10290000,0.294,10280000,0.1063,10270000,0.5487,10260000,0.16,10230000,0.8514,10210000,8.914,10200000,12.2751,10190000,1.1718,10180000,3.0587,10170000,0.165
25291714,10280000,1.0493,10270000,0.1297,10240000,0.588,10230000,1.1731,10210000,0.4584,10200000,0.0169,10190000,1.0718,10180000,3.0587,10170000,0.2671,10160000,0.002
25291715,10280000,1.0493,10270000,0.1297,10230000,0.8982,10220000,0.294,10200000,3.6852,10190000,0.073,10180000,3.0587,10170000,0.165,10160000,0.002,10150000,0.4774
25291716,10210000,0.03,10200000,0.0999,10190000,1.9981,10170000,0.2214,10160000,0.3477,10140000,0.2382,10130000,0.02,10110000,1.2816,10100000,3.8084,10090000,0.608
25291717,10200000,1.0617,10190000,0.2934,10170000,0.2214,10160000,0.5071,10150000,1.6493,10110000,3.4563,10100000,3.9112,10090000,0.026,10080000,0.0204,10070000,0.004
25291718,10190000,0.2934,10180000,0.004,10170000,0.2214,10160000,0.1955,10150000,4.5527,10120000,0.2575,10110000,0.4818,10100000,3.9112,10090000,0.016,10080000,0.0204
25291719,10190000,0.0934,10180000,0.004,10170000,0.2214,10160000,0.0955,10150000,0.6331,10110000,1.4428,10100000,3.8084,10090000,0.016,10080000,0.0204,10070000,0.004
25291720,10330000,0.71,10320000,0.1517,10280000,0.2744,10270000,1.7257,10190000,0.0518,10170000,0.0892,10150000,1.6478,10110000,0.2726,10100000,5.4884,10090000,0.016
25291721,10350000,0.0048,10340000,1.142,10320000,0.0904,10310000,1.8271,10280000,0.0361,10270000,0.0765,10180000,1.1678,10170000,0.0032,10150000,2.3772,10110000,4.5984
25291722,10370000,0.2443,10350000,0.0198,10340000,1.4521,10320000,0.0904,10310000,0.6187,10210000,0.5965,10200000,0.2405,10170000,0.163,10150000,2.3772,10110000,1.074
25291723,10340000,0.1792,10320000,0.8004,10310000,0.206,10280000,0.3426,10270000,1.0037,10220000,0.783,10200000,3.6609,10170000,0.163,10150000,2.3772,10110000,1.074
25291724,10320000,0.0904,10310000,0.5539,10280000,0.3426,10270000,0.1161,10260000,0.931,10210000,0.4565,10200000,2.4057,10170000,0.193,10150000,2.4372,10110000,0.181
25291725,10350000,0.0198,10340000,0.011,10320000,0.0904,10310000,1.2639,10270000,0.9409,10210000,0.1272,10200000,2.3603,10170000,0.193,10150000,2.4372,10110000,1.5417
25291726,10370000,0.2443,10350000,0.1852,10340000,0.468,10320000,0.0904,10310000,0.021,10300000,0.03,10260000,0.1033,10220000,0.643,10210000,0.0378,10200000,2.3507
25291727,10370000,0.2443,10350000,0.1852,10340000,0.7159,10320000,0.03,10280000,0.0583,10260000,0.056,10230000,0.9115,10220000,0.643,10200000,2.1609,10170000,0.1409
25291728,10370000,0.2443,10350000,0.3386,10340000,0.3589,10320000,0.13,10310000,2.2255,10260000,0.063,10230000,0.2334,10170000,0.4647,10150000,2.4372,10130000,0.1
25291729,10310000,0.0478,10300000,0.0035,10290000,1.3137,10280000,1.0438,10210000,0.4075,10200000,2.1621,10180000,0.2209,10170000,0.476,10150000,2.4372,10130000,0.1
25291730,10300000,0.0035,10290000,1.3986,10280000,1.2324,10260000,0.2534,10250000,2.6725,10200000,0.3794,10170000,0.03,10150000,2.4372,10130000,0.6896,10110000,0.084
25291731,10300000,0.8401,10290000,0.9905,10280000,1.2324,10260000,2.0576,10240000,0.006,10220000,0.1061,10200000,0.0368,10170000,0.03,10150000,2.4372,10130000,0.1
25291732,10290000,1.3475,10280000,1.2324,10260000,1.4559,10250000,0.7527,10240000,0.006,10220000,0.0574,10200000,0.0349,10170000,0.1936,10150000,2.4372,10130000,0.1
25291733,10260000,0.357,10250000,0.5607,10240000,2.87,10230000,0.0454,10210000,0.7277,10200000,0.0322,10170000,0.03,10150000,2.6388,10130000,0.1,10110000,0.034
25291734,10280000,1.2324,10240000,0.0058,10230000,1.025,10200000,0.0016,10190000,1.4971,10150000,1.5348,10130000,0.1,10110000,0.031,10100000,3.9784,10090000,0.016
25291735,10280000,1.2354,10240000,0.0058,10200000,0.9665,10190000,1.917,10110000,0.0072,10100000,3.9035,10090000,0.016,10080000,0.0204,10070000,0.014,10060000,0.154
25291736,10240000,0.0058,10200000,0.0016,10190000,1.5985,10180000,0.32,10170000,1.5806,10100000,3.0367,10090000,0.016,10080000,0.0204,10070000,0.014,10060000,0.154
25291737,10300000,0.8401,10280000,1.5554,10240000,0.0775,10200000,0.0016,10170000,0.5769,10150000,2.7313,10140000,0.0907,10110000,0.1509,10100000,3.0862,10090000,0.016
25291738,10280000,2.1058,10260000,0.2091,10240000,0.6129,10200000,1.0015,10170000,1.3787,10120000,1.0492,10110000,3.1774,10100000,4.7479,10090000,0.016,10080000,0.0204
25291739,10260000,0.2091,10240000,0.6129,10200000,1.0015,10190000,0.8734,10170000,1.2724,10160000,1,10130000,0.753,10120000,0.645,10110000,0.2962,10100000,4.8359
25291740,10280000,1.2324,10260000,0.2091,10240000,0.6638,10200000,1.0015,10190000,0.8578,10140000,0.2187,10130000,3.387,10120000,3,10100000,4.7409,10090000,0.016
25291741,10280000,1.2324,10260000,0.2091,10240000,0.1592,10200000,1.7008,10190000,3.3577,10110000,1.1251,10100000,6.9596,10090000,0.016,10080000,0.0204,10070000,0.014
25291742,10200000,2.6667,10190000,0.47,10180000,0.8734,10150000,0.5001,10140000,0.9769,10110000,0.2695,10100000,4.8712,10090000,0.016,10080000,0.0204,10070000,0.014
25291743,10260000,0.2091,10240000,0.3258,10200000,2.1618,10190000,0.3701,10180000,1.6822,10150000,0.3463,10120000,0.666,10100000,5.5085,10090000,0.016,10080000,0.0204
25291744,10280000,1.2324,10260000,0.2091,10240000,4.6398,10230000,0.1437,10220000,0.7514,10190000,0.0745,10100000,5.0642,10090000,0.9782,10080000,0.0204,10070000,0.014
25291745,10280000,1.2324,10260000,0.6329,10240000,1.0077,10230000,0.1437,10220000,5.2312,10190000,0.0025,10130000,1.398,10100000,5.1906,10090000,0.0342,10080000,0.0204
25291746,10230000,0.5675,10220000,0.5432,10210000,0.3885,10180000,1.7802,10140000,0.1648,10100000,4.853,10090000,0.0342,10080000,0.0204,10070000,0.014,10060000,0.154
25291747,10230000,0.4797,10220000,0.0001,10210000,0.6677,10200000,1.179,10190000,1,10150000,0.154,10140000,0.0472,10110000,0.1425,10100000,3.466,10090000,0.0342
25291748,10210000,0.3886,10190000,1.279,10180000,1,10160000,0.0982,10150000,0.7256,10130000,1,10120000,1.7827,10100000,3.3106,10090000,0.0342,10080000,0.0204
25291749,10240000,0.2931,10230000,0.4239,10220000,0.0001,10210000,1.1416,10150000,1.1971,10100000,4.9158,10090000,0.3342,10080000,0.0204,10070000,0.014,10060000,1.098
25291750,10220000,0.0001,10210000,0.3886,10200000,0.482,10150000,1.6223,10140000,1.4719,10110000,0.5061,10100000,3.3075,10090000,0.3342,10080000,0.0204,10070000,0.014
25291751,10230000,0.0001,10220000,0.0001,10210000,0.0001,10200000,1.1088,10190000,0.3779,10150000,0.673,10130000,0.0971,10110000,0.6371,10100000,3.3041,10090000,0.3342
25291752,10230000,0.0001,10220000,0.0001,10210000,0.0001,10200000,0.3559,10190000,1.1701,10150000,0.0525,10130000,0.0356,10110000,0.6955,10100000,5.2928,10090000,0.9782
25291753,10240000,0.2931,10230000,0.0001,10220000,0.8366,10210000,0.0001,10190000,0.0008,10180000,0.0003,10170000,0.0625,10160000,0.2953,10130000,0.0356,10110000,0.2786
25291754,10240000,0.2931,10230000,0.0001,10220000,0.412,10210000,0.0001,10190000,1.8358,10150000,0.2707,10130000,0.0356,10110000,0.9334,10100000,5.4666,10090000,0.0342
25291755,10240000,0.9566,10230000,0.0001,10220000,0.0001,10210000,0.0001,10190000,0.2557,10160000,0.1625,10150000,0.09,10130000,0.0356,10110000,0.053,10100000,5.4512
25291756,10230000,0.0001,10220000,0.0001,10210000,0.0001,10180000,0.6191,10170000,0.1819,10150000,0.0485,10130000,0.0356,10110000,0.4426,10100000,5.2928,10090000,0.9782
25291757,10210000,0.0001,10200000,0.0002,10190000,0.5867,10180000,0.3635,10170000,0.6652,10110000,0.4426,10100000,3.4858,10090000,0.0342,10080000,0.0204,10070000,0.014
25291758,10210000,0.0001,10200000,0.6631,10190000,0.6145,10180000,0.3635,10170000,0.4095,10120000,0.0455,10110000,0.4002,10100000,3.2978,10090000,0.0342,10080000,0.0204
25291759,10200000,1.2775,10190000,0.0001,10180000,0.3635,10170000,0.1145,10160000,0.714,10130000,0.0939,10110000,0.221,10100000,3.2988,10090000,0.0342,10080000,0.0204
25291760,10200000,0.6631,10190000,0.0001,10180000,0.3635,10170000,0.1145,10160000,0.6787,10120000,0.508,10110000,0.7383,10100000,5.4788,10090000,0.0342,10080000,0.0204
25291761,10190000,0.0001,10180000,0.3635,10170000,0.1145,10160000,0.2153,10130000,0.2145,10110000,0.3572,10100000,5.9788,10090000,0.0342,10080000,0.0204,10070000,0.0239
25291762,10190000,0.0001,10180000,0.0001,10170000,0.1145,10160000,0.2153,10150000,0.1551,10130000,0.0292,10120000,0.3116,10110000,2.9832,10100000,6.0788,10090000,0.0342
25291763,10200000,1.4415,10190000,0.0001,10180000,0.0001,10170000,0.1145,10160000,0.5113,10110000,1.0381,10100000,6.0788,10090000,0.0342,10080000,0.0204,10070000,0.0239
25291764,10190000,0.0001,10180000,0.0001,10170000,0.1145,10160000,0.3099,10140000,0.0483,10120000,0.1,10110000,1.8276,10100000,6.0907,10090000,0.0342,10080000,0.0204
25291765,10190000,0.0001,10180000,0.0001,10170000,0.1145,10160000,0.05,10150000,0.2639,10130000,0.3124,10120000,2.3535,10110000,1.0229,10100000,6.0907,10090000,0.0342
25291766,10230000,0.4092,10220000,0.0001,10210000,1.4313,10200000,0.546,10190000,0.174,10170000,0.0175,10160000,0.0603,10140000,0.0548,10130000,0.4024,10120000,2.3
25291767,10240000,0.2931,10230000,0.4092,10220000,0.0061,10210000,0.9576,10200000,1.4747,10160000,0.0603,10130000,0.4024,10120000,2.3,10110000,0.553,10100000,7.3243
25291768,10240000,1.0906,10230000,0.4092,10220000,0.0001,10210000,0.0001,10200000,0.4663,10160000,0.1861,10150000,2.2904,10140000,0.3,10130000,0.2831,10120000,2.3
25291769,10230000,0.4092,10220000,0.0001,10210000,0.0001,10200000,0.4775,10190000,0.2171,10160000,0.6109,10140000,0.3,10130000,0.2831,10120000,2.3,10110000,0.553
25291770,10230000,0.4092,10220000,0.5953,10210000,0.0001,10200000,0.1815,10190000,0.2531,10160000,0.1606,10140000,0.3,10130000,0.2831,10120000,2.3,10110000,0.553
25291771,10230000,0.4092,10220000,1.3928,10210000,0.0001,10200000,0.2115,10190000,0.7667,10170000,0.005,10160000,0.0413,10150000,0.1503,10140000,0.933,10130000,0.2831
25291772,10230000,0.4092,10220000,1.3928,10210000,0.0001,10200000,0.7946,10190000,0.168,10140000,0.5973,10130000,0.2831,10120000,3.6,10110000,0.553,10100000,7.327
25291773,10200000,0.0435,10190000,0.0001,10180000,0.0001,10170000,0.2329,10160000,0.2968,10130000,0.3455,10120000,0.3,10110000,0.553,10100000,7.327,10090000,0.016
25291774,10190000,0.0001,10180000,0.1961,10170000,0.0369,10160000,0.0014,10150000,0.2344,10130000,0.3474,10120000,0.3,10110000,0.5712,10100000,7.227,10090000,0.016
25291775,10200000,0.0435,10190000,0.0001,10180000,0.0001,10170000,0.0369,10160000,0.0001,10150000,0.3981,10130000,0.2454,10120000,0.3,10110000,0.553,10100000,5.047
25291776,10220000,0.5953,10210000,0.7976,10200000,0.2335,10190000,0.0001,10180000,0.0001,10170000,0.3107,10160000,0.4342,10130000,0.3455,10120000,0.3819,10110000,0.553
25291777,10250000,0.0001,10240000,0.2931,10230000,0.5672,10220000,1.8188,10210000,0.0001,10180000,0.3321,10170000,0.0537,10160000,0.0643,10130000,0.1962,10120000,0.3
25291778,10280000,1.2326,10270000,0.0001,10260000,0.0301,10250000,0.0001,10240000,0.5263,10230000,0.4653,10220000,0.1052,10200000,0.0212,10180000,0.0524,10170000,0.0529
25291779,10280000,1.2326,10270000,0.0061,10260000,0.0001,10250000,0.0001,10240000,0.05,10230000,0.0623,10220000,0.1052,10200000,0.0212,10180000,0.0372,10170000,0.0529
25291780,10260000,0.0001,10250000,0.0001,10240000,1.8781,10230000,0.03,10220000,0.2348,10180000,0.3314,10170000,0.0529,10160000,0.0643,10150000,1.319,10130000,1.1215
25291781,10240000,1.8443,10230000,0.0001,10220000,0.0099,10210000,0.0001,10200000,0.0503,10190000,0.1798,10180000,2.2202,10170000,0.0529,10160000,0.0643,10130000,0.4523
25291782,10280000,1.6857,10270000,0.0001,10260000,0.0001,10250000,0.0001,10240000,0.0371,10220000,1.3233,10210000,0.0213,10200000,0.5159,10190000,0.0428,10180000,0.0372
25291783,10320000,0.0002,10310000,0.0021,10300000,0.4411,10290000,0.0001,10280000,1.7723,10250000,0.043,10240000,0.0374,10220000,0.0817,10210000,0.3197,10200000,0.6259
25291784,10290000,0.0001,10280000,1.7884,10270000,0.8261,10260000,0.4333,10250000,0.0048,10220000,0.1961,10200000,0.1259,10190000,0.3539,10180000,0.0372,10170000,0.0529
25291785,10280000,1.6857,10270000,0.4001,10260000,0.5772,10250000,0.0001,10240000,0.0004,10210000,0.225,10200000,0.5911,10190000,0.0428,10180000,0.0372,10170000,0.3517
25291786,10280000,1.6857,10270000,0.0001,10260000,0.6169,10250000,0.2311,10240000,1.21,10230000,0.0022,10220000,0.001,10210000,1.0724,10200000,0.6524,10190000,0.4808
25291787,10280000,1.6857,10270000,0.0001,10260000,0.0001,10250000,0.2311,10240000,0.5911,10210000,1.6161,10200000,1.0537,10190000,0.5908,10180000,0.0372,10170000,0.0529
25291788,10280000,1.6857,10270000,0.0001,10260000,0.0001,10250000,0.2311,10240000,0.4002,10210000,2.5005,10200000,0.3946,10190000,0.5908,10180000,2.0372,10170000,0.0529
25291789,10270000,0.0001,10260000,0.0001,10250000,0.2311,10240000,1.3239,10230000,0.4499,10210000,0.1717,10200000,0.3065,10190000,0.5908,10180000,2.0372,10170000,0.0529
25291790,10260000,0.0001,10250000,0.2311,10240000,0.4002,10230000,0.4223,10210000,0.4213,10200000,0.11,10190000,0.8521,10180000,2.698,10170000,0.0529,10160000,0.0643
25291791,10250000,0.2311,10240000,0.4002,10230000,0.4223,10220000,0.0001,10210000,1.8142,10200000,0.0241,10190000,0.8301,10180000,2.0372,10170000,0.0529,10160000,0.0643
25291792,10240000,0.4002,10230000,0.4223,10220000,0.0001,10210000,0.9991,10200000,0.4215,10170000,0.8147,10160000,0.0643,10150000,0.5036,10130000,0.1554,10120000,2.3419
25291793,10230000,0.4223,10220000,0.0001,10210000,0.9991,10200000,0.0002,10190000,0.062,10170000,3.9175,10160000,0.7266,10150000,0.5036,10130000,0.1554,10120000,2.3419
25291794,10240000,0.4002,10230000,0.0001,10220000,0.0001,10210000,0.9991,10200000,0.0325,10170000,1.0682,10160000,0.0643,10150000,0.5036,10130000,0.1554,10120000,2.3419
25291795,10240000,0.401,10230000,0.0001,10220000,0.0001,10210000,0.9991,10200000,1.1783,10190000,0.0104,10170000,0.9222,10160000,0.0643,10150000,0.5036,10130000,0.4754
25291796,10240000,0.401,10230000,0.0001,10220000,0.0001,10210000,0.9991,10200000,0.0001,10190000,0.295,10180000,0.2691,10170000,0.7142,10160000,0.0643,10150000,0.5036
25291797,10250000,0.2311,10240000,0.001,10230000,0.0001,10220000,0.0001,10210000,0.9564,10200000,3.2072,10190000,0.0104,10170000,0.7142,10160000,0.0643,10150000,0.6031
25291798,10260000,0.0001,10250000,0.2311,10240000,0.001,10230000,0.0001,10220000,0.4147,10200000,3.1108,10190000,0.0104,10170000,0.0529,10160000,0.0643,10150000,0.6031
25291799,10260000,0.0001,10250000,0.2311,10240000,0.001,10230000,1.4833,10210000,1.0495,10200000,0.1,10190000,0.0104,10170000,0.0529,10160000,0.0643,10150000,0.6031
25291800,10260000,0.2941,10250000,0.2311,10240000,0.7081,10230000,1.4833,10220000,0.8254,10190000,0.0015,10170000,0.0529,10160000,0.0643,10150000,0.7926,10130000,0.1554
25291801,10230000,1.4833,10220000,0.8078,10210000,0.0001,10200000,0.9453,10190000,0.0001,10160000,0.3591,10150000,0.6031,10130000,0.3275,10120000,7.406,10110000,0.5712
25291802,10210000,0.0001,10200000,0.7832,10190000,0.0297,10180000,0.0001,10160000,0.524,10150000,0.6031,10130000,0.3241,10120000,7.426,10110000,0.5712,10100000,4.2184
25291803,10210000,0.7567,10200000,0.7832,10190000,0.0001,10180000,0.0001,10170000,0.0001,10150000,0.722,10140000,0.0478,10130000,0.1554,10120000,7.5849,10110000,0.6212
25291804,10210000,0.0001,10200000,1.4516,10190000,0.0001,10180000,0.0001,10170000,1.4833,10160000,1.4913,10150000,0.1559,10130000,0.1554,10120000,7.583,10110000,0.6212
25291805,10240000,0.0002,10230000,0.0001,10220000,0.0448,10210000,0.0001,10200000,0.6986,10180000,0.0455,10170000,0.1866,10160000,0.9842,10150000,0.4268,10130000,0.1554
25291806,10250000,0.2311,10240000,0.0002,10230000,0.4532,10220000,0.0009,10210000,0.0001,10180000,0.3402,10170000,0.6856,10150000,0.4268,10140000,0.5,10130000,0.1554
25291807,10250000,0.2311,10240000,0.0002,10230000,0.4532,10220000,0.0009,10210000,0.0001,10190000,0.3739,10180000,0.0992,10170000,0.8447,10150000,0.3273,10140000,0.5
25291808,10240000,0.0002,10230000,0.4535,10220000,0.0009,10210000,0.0001,10200000,0.0276,10180000,2.4578,10170000,0.1,10150000,0.3273,10140000,0.5,10130000,0.1554
25291809,10240000,0.0002,10230000,0.4535,10220000,0.0009,10210000,0.0001,10200000,0.0276,10180000,1.8367,10170000,0.1,10160000,0.3,10150000,0.3273,10140000,0.5
25291810,10250000,1.0324,10240000,0.0002,10230000,0.4535,10220000,0.0009,10210000,0.0001,10190000,0.0565,10180000,0.0298,10170000,0.1,10160000,0.3,10150000,0.3273
25291811,10250000,1.0324,10240000,0.0002,10230000,0.4535,10220000,0.0009,10210000,0.0001,10200000,1.1479,10190000,0.0565,10180000,0.0298,10170000,0.1,10160000,0.3
25291812,10250000,1.0324,10240000,0.0002,10230000,0.4532,10220000,0.0009,10210000,0.0137,10200000,0.8541,10190000,0.0634,10180000,0.0298,10170000,0.5,10160000,0.3
25291813,10260000,0.8014,10250000,0.2311,10240000,0.0002,10230000,0.4532,10220000,0.0008,10210000,0.0866,10200000,0.0558,10180000,0.0298,10170000,1,10160000,1.244
25291814,10300000,1.8138,10290000,0.0001,10280000,1.2326,10270000,0.0001,10260000,0.9006,10210000,0.38,10200000,0.0558,10180000,0.0298,10170000,1,10160000,0.3
25291815,10300000,1.8138,10290000,0.0001,10280000,1.2326,10270000,0.4261,10260000,0.8014,10230000,0.3527,10210000,0.0863,10180000,0.0298,10170000,0.5,10160000,3.3941
25291816,10290000,0.0001,10280000,1.2332,10270000,0.0001,10260000,0.0001,10240000,1.0464,10210000,0.0455,10180000,0.0298,10170000,1.134,10160000,0.902,10150000,1.3106
25291817,10260000,0.0001,10250000,0.0001,10240000,0.0002,10230000,0.2934,10220000,0.0006,10180000,0.0318,10170000,0.5,10160000,0.89,10150000,0.3273,10140000,2.0867
25291818,10250000,0.0001,10240000,0.0002,10230000,0.0001,10210000,0.293,10200000,0.5526,10180000,0.3979,10170000,0.544,10160000,0.302,10150000,0.3413,10140000,2.034
25291819,10270000,0.0001,10260000,0.0001,10250000,0.0001,10240000,0.0002,10230000,0.0001,10190000,0.0615,10180000,0.1801,10170000,0.5,10160000,0.302,10150000,0.3293
25291820,10270000,0.0001,10260000,0.0001,10250000,0.0001,10240000,0.0002,10230000,0.0001,10220000,0.063,10180000,0.0934,10170000,0.5,10160000,0.302,10150000,0.3293
25291821,10270000,0.0001,10260000,0.0001,10250000,0.0001,10240000,0.0002,10230000,0.0003,10210000,0.0511,10180000,0.0318,10170000,0.5,10160000,0.302,10150000,0.3293
25291822,10270000,0.0001,10260000,0.0001,10250000,0.0001,10240000,0.0002,10230000,0.0003,10210000,0.0003,10200000,0.0579,10180000,0.0318,10170000,0.5,10160000,0.302
25291823,10270000,0.0001,10260000,0.0001,10250000,0.0001,10240000,0.0002,10230000,0.0003,10210000,0.3412,10200000,0.0594,10190000,0.649,10180000,0.0318,10170000,0.5
25291824,10270000,0.0001,10260000,0.0001,10250000,0.0001,10240000,0.0002,10230000,0.0003,10210000,0.4158,10200000,0.0594,10190000,0.693,10180000,0.3318,10170000,0.5
25291825,10270000,0.0001,10260000,0.0001,10250000,0.0001,10240000,0.0002,10230000,0.0003,10210000,0.4745,10200000,0.0594,10190000,0.693,10180000,0.3318,10170000,0.5
25291826,10270000,0.0001,10260000,0.0001,10250000,0.0001,10240000,0.2605,10230000,0.4079,10190000,0.9941,10180000,0.5889,10170000,0.5,10160000,0.302,10150000,0.3293
25291827,10270000,0.0001,10260000,0.0001,10250000,0.0001,10240000,0.1656,10230000,0.0075,10210000,0.0586,10180000,0.302,10170000,0.5,10160000,0.302,10150000,0.3293
25291828,10270000,0.0001,10260000,0.0001,10250000,0.0001,10240000,0.1656,10230000,0.0075,10210000,0.3734,10200000,0.6666,10190000,0.0509,10180000,0.302,10170000,0.5
25291829,10280000,2.4239,10270000,0.0001,10260000,0.0001,10250000,0.0001,10240000,0.4506,10180000,1.713,10170000,0.5,10160000,0.302,10150000,0.002,10140000,0.5
25291830,10230000,0.0001,10220000,0.0665,10210000,0.0001,10200000,0.0002,10190000,0.8508,10170000,0.5,10160000,0.3542,10150000,0.002,10140000,0.5,10130000,0.1594
25291831,10220000,0.0665,10210000,0.0001,10200000,0.0002,10190000,0.3167,10180000,0.5331,10170000,0.3004,10160000,0.3581,10150000,0.002,10140000,0.5,10130000,0.1594
25291832,10230000,0.8028,10220000,0.0001,10210000,0.0001,10200000,0.0002,10190000,0.3167,10170000,0.4998,10160000,0.3669,10150000,0.002,10140000,0.5,10130000,0.1594
25291833,10230000,0.0015,10220000,0.0001,10210000,0.0001,10200000,0.0002,10190000,0.6221,10180000,1.3743,10170000,0.4808,10160000,0.302,10150000,0.002,10140000,0.5
25291834,10230000,0.0015,10220000,0.0001,10210000,0.0001,10200000,0.0002,10190000,1.0999,10170000,0.4326,10160000,0.3625,10150000,0.002,10140000,0.5,10130000,0.1594
25291835,10210000,0.0001,10200000,0.0002,10190000,0.6227,10170000,0.03,10160000,0.1133,10150000,0.0602,10140000,0.5,10130000,0.1594,10120000,6.8853,10110000,0.1212
25291836,10170000,0.0301,10160000,0.1133,10150000,0.0245,10140000,0.025,10130000,0.0842,10120000,8.5374,10110000,0.182,10100000,3.2264,10090000,0.012,10080000,0.0144
25291837,10190000,0.6221,10180000,0.0001,10170000,0.0301,10160000,0.0392,10150000,0.0242,10140000,0.5668,10130000,2.0233,10120000,6.6452,10110000,0.103,10100000,3.2264
25291838,10210000,0.0001,10200000,0.0002,10190000,0.6221,10180000,0.0001,10170000,0.5832,10140000,0.4478,10120000,6.4306,10110000,0.103,10100000,3.2264,10090000,0.012
25291839,10220000,0.0001,10210000,0.8014,10200000,0.0002,10190000,0.6221,10180000,0.0001,10140000,0.4458,10120000,8.3306,10110000,0.103,10100000,3.2264,10090000,0.012
25291840,10210000,0.0001,10200000,0.0002,10190000,0.6224,10180000,0.0001,10170000,0.0001,10160000,0.6578,10150000,0.046,10140000,0.3279,10120000,6.4306,10110000,0.103
25291841,10230000,0.0015,10220000,0.8014,10210000,0.0001,10200000,0.0002,10190000,0.4154,10170000,0.2573,10160000,0.0551,10140000,0.662,10120000,6.4306,10110000,1.047
25291842,10240000,0.0002,10230000,0.0015,10220000,0.0001,10210000,0.0001,10200000,0.1673,10190000,0.0105,10180000,0.0446,10170000,0.2632,10120000,6.4816,10110000,0.103
25291843,10240000,0.0102,10230000,0.0015,10220000,0.0001,10210000,0.0001,10200000,0.1673,10190000,0.0005,10180000,0.0446,10170000,0.2632,10120000,6.5306,10110000,0.103
25291844,10240000,0.0002,10230000,0.0015,10220000,0.0001,10210000,0.7531,10200000,0.0303,10140000,0.5273,10130000,0.7058,10120000,8.4306,10110000,0.103,10100000,3.5604
25291845,10230000,0.0015,10220000,0.0001,10210000,0.0001,10200000,0.2064,10190000,0.0078,10150000,0.3758,10130000,2.3058,10120000,6.5306,10110000,0.103,10100000,3.2264
25291846,10230000,0.0015,10220000,0.0001,10210000,0.0001,10200000,0.2062,10190000,0.2417,10160000,0.2566,10120000,6.5306,10110000,2.613,10100000,3.2264,10090000,0.012
25291847,10210000,0.0001,10200000,0.2062,10190000,0.0001,10180000,0.0001,10170000,0.2647,10160000,0.5233,10140000,0.3872,10120000,6.5306,10110000,2.551,10100000,3.2264
25291848,10240000,0.0002,10230000,0.0015,10220000,0.0001,10210000,0.8014,10200000,0.2062,10190000,0.9999,10180000,0.3417,10160000,0.0415,10120000,7.5157,10110000,1.047
25291849,10260000,0.0001,10250000,0.0001,10240000,0.0353,10230000,0.0015,10220000,0.0001,10180000,0.5068,10170000,0.0456,10160000,0.0415,10130000,1.006,10120000,16.8895
25291850,10280000,1.4997,10270000,0.0001,10260000,0.0001,10250000,0.0001,10240000,0.4074,10220000,0.1431,10210000,0.0181,10200000,0.0519,10180000,0.2506,10160000,0.077
25291851,10290000,0.0001,10280000,1.2326,10270000,0.0001,10260000,0.044,10250000,0.0069,10240000,0.0002,10230000,0.0487,10220000,0.0198,10210000,0.0181,10160000,0.2173
25291852,10290000,0.0001,10280000,1.3216,10270000,0.4025,10260000,0.0442,10250000,0.0001,10230000,0.0919,10220000,0.0686,10210000,0.0181,10200000,0.49,10160000,1.0774
25291853,10270000,0.4025,10260000,0.044,10250000,0.0001,10240000,0.0479,10230000,0.1701,10220000,0.0201,10210000,0.0712,10200000,0.49,10160000,0.2857,10130000,0.0203
25291854,10260000,0.0001,10250000,0.0001,10240000,0.0002,10230000,0.025,10220000,0.0002,10210000,0.0666,10200000,0.5426,10160000,0.2857,10130000,0.0203,10120000,7.4746
25291855,10260000,0.0001,10250000,0.0001,10240000,0.0002,10230000,0.025,10220000,0.0002,10210000,0.064,10200000,0.5426,10160000,0.2699,10140000,0.062,10130000,0.0203
25291856,10260000,0.0001,10250000,0.0001,10240000,0.0002,10230000,0.025,10220000,0.0002,10210000,0.0188,10200000,0.5472,10160000,0.2621,10130000,0.6001,10120000,7.4564
25291857,10240000,0.0002,10230000,0.0297,10220000,0.0183,10210000,0.0001,10180000,0.5525,10160000,0.6695,10130000,0.332,10120000,7.5124,10110000,0.103,10100000,3.4264
25291858,10240000,0.0002,10230000,0.0297,10220000,0.0183,10210000,0.0001,10200000,0.1598,10160000,0.0415,10150000,0.0647,10130000,0.6706,10120000,6.5124,10110000,0.103
25291859,10230000,0.0297,10220000,0.0183,10210000,0.0001,10200000,0.0002,10160000,0.0202,10130000,1.1744,10120000,6.5124,10110000,0.103,10100000,4.3704,10090000,0.012
25291860,10240000,0.0002,10230000,0.0297,10220000,0.0183,10210000,0.5154,10200000,0.0002,10160000,0.2964,10140000,0.2297,10120000,7.6964,10110000,0.423,10100000,4.3704
25291861,10240000,0.0002,10230000,0.0297,10220000,0.0183,10210000,0.0001,10200000,0.8457,10180000,0.0012,10160000,0.1933,10120000,6.5124,10110000,0.115,10100000,4.3704
25291862,10240000,0.0002,10230000,0.0297,10220000,0.4882,10210000,0.0001,10200000,0.705,10160000,0.001,10120000,6.833,10110000,0.103,10100000,3.4264,10090000,0.012
25291863,10230000,0.0297,10220000,0.0183,10210000,0.0001,10200000,0.3331,10190000,0.001,10170000,0.0606,10160000,0.0009,10150000,0.0464,10130000,0.3206,10120000,6.6768
25291864,10230000,0.0297,10220000,0.6627,10210000,0.0001,10200000,0.0802,10190000,0.2539,10160000,0.0946,10130000,0.4791,10120000,7.4564,10110000,0.103,10100000,4.3464
25291865,10230000,0.0297,10220000,0.6627,10210000,0.0001,10200000,0.0802,10190000,0.2543,10160000,0.0918,10130000,0.4791,10120000,6.5124,10110000,0.103,10100000,3.4264
25291866,10230000,0.0297,10220000,2.5449,10210000,0.0001,10200000,0.5126,10170000,0.001,10150000,0.0284,10140000,0.0496,10130000,0.1636,10120000,6.6553,10110000,0.103
25291867,10240000,0.0002,10230000,0.0457,10220000,1.0399,10210000,0.0001,10200000,0.0011,10170000,0.0006,10150000,0.9263,10120000,6.6553,10110000,0.103,10100000,3.4264
25291868,10230000,0.0297,10220000,0.7459,10210000,0.0001,10200000,0.6547,10180000,0.3322,10120000,8.271,10110000,0.103,10100000,3.4264,10090000,0.012,10080000,0.0144
25291869,10230000,0.0366,10220000,0.7648,10210000,0.0001,10200000,0.0001,10180000,0.3322,10150000,0.0728,10130000,0.0984,10120000,6.6998,10110000,0.103,10100000,4.3704
25291870,10230000,0.0297,10220000,0.0183,10210000,0.7466,10200000,0.6547,10180000,0.3322,10150000,0.0729,10120000,6.6109,10110000,0.103,10100000,3.4264,10090000,0.024
25291871,10230000,0.0366,10220000,0.0183,10210000,0.7466,10200000,0.6547,10180000,0.3322,10150000,0.0729,10120000,6.5125,10110000,0.103,10100000,3.4264,10090000,0.012
25291872,10230000,0.3237,10220000,0.0183,10210000,0.7466,10200000,0.6547,10180000,0.3322,10150000,0.0722,10120000,6.6126,10110000,0.103,10100000,3.4264,10090000,0.012
25291873,10230000,0.0297,10220000,0.0183,10210000,0.7466,10200000,0.6547,10180000,0.3322,10150000,0.0732,10120000,6.6126,10110000,0.103,10100000,3.4264,10090000,0.024
25291874,10230000,0.3237,10220000,0.0183,10210000,0.0001,10200000,0.6547,10180000,0.3322,10140000,0.0641,10120000,6.5137,10110000,0.103,10100000,3.4264,10090000,0.012
25291875,10230000,0.3237,10220000,0.0183,10210000,0.7653,10200000,0.0001,10180000,0.3318,10140000,0.6752,10120000,6.511,10110000,0.103,10100000,3.4264,10090000,0.012
25291876,10220000,0.3192,10210000,0.0001,10200000,0.0001,10180000,0.037,10150000,0.2259,10130000,0.0288,10120000,7.6301,10110000,0.103,10100000,3.4264,10090000,0.012
25291877,10220000,0.0252,10210000,0.7836,10200000,0.0001,10190000,0.096,10180000,0.2,10120000,6.3504,10110000,0.6062,10100000,3.4264,10090000,0.012,10080000,0.0144
25291878,10220000,0.0252,10210000,0.7836,10200000,0.0001,10180000,0.133,10170000,0.5128,10130000,0.0402,10120000,1.3172,10110000,0.6062,10100000,3.4264,10090000,0.012
25291879,10210000,0.7836,10200000,1.1956,10180000,0.037,10140000,0.081,10130000,0.296,10110000,0.0216,10100000,6.6309,10090000,0.012,10080000,0.0144,10070000,0.019
25291880,10190000,0.0001,10180000,0.0371,10140000,0.035,10130000,0.1445,10120000,0.0001,10100000,3.783,10090000,0.012,10080000,0.0144,10070000,0.019,10060000,0.092
25291881,10200000,0.0002,10190000,0.871,10180000,0.0371,10140000,0.0079,10110000,0.4943,10100000,3.0834,10090000,0.012,10080000,0.0144,10070000,0.019,10060000,0.092
25291882,10180000,0.0371,10140000,0.0079,10120000,0.0001,10110000,0.1977,10100000,0.3768,10090000,0.0603,10080000,0.0144,10070000,0.019,10060000,0.092,10050000,0.4543
25291883,10140000,0.0079,10120000,0.871,10110000,0.1978,10100000,0.0861,10090000,0.2907,10070000,0.015,10060000,0.092,10050000,0.4726,10030000,2.185,10020000,1.1725
25291884,10110000,0.1978,10100000,0.0861,10090000,0.0001,10080000,0.0844,10060000,0.2009,10050000,0.2963,10030000,2.185,10020000,1.1725,10010000,1.7786,10000000,16.8924
25291885,10140000,0.0079,10120000,0.871,10110000,0.1978,10100000,0.0861,10090000,0.0001,10080000,0.1068,10050000,0.3345,10030000,2.2033,10020000,1.1725,10010000,2.7226
25291886,10200000,0.0602,10190000,0.0001,10180000,0.0371,10140000,0.0079,10130000,0.028,10100000,0.0879,10090000,0.0401,10080000,0.7797,10050000,0.274,10030000,2.2033
25291887,10200000,0.0602,10190000,0.0001,10180000,0.0371,10140000,0.0079,10130000,0.0021,10100000,0.088,10090000,0.2373,10080000,0.8092,10050000,0.274,10030000,2.2033
25291888,10180000,0.0371,10170000,0.2019,10160000,0.007,10130000,0.5,10100000,0.1484,10090000,0.1974,10080000,0.5069,10050000,0.274,10030000,2.6166,10020000,1.1725
25291889,10170000,0.2019,10160000,0.007,10130000,0.5,10120000,0.0001,10100000,0.0055,10090000,0.0401,10080000,0.3711,10050000,0.3339,10030000,2.2033,10020000,1.1125
25291890,10170000,0.2019,10160000,0.3756,10130000,0.5,10120000,0.0001,10100000,0.6535,10090000,0.0258,10080000,0.5508,10050000,0.3339,10030000,2.2033,10020000,1.1125
25291891,10170000,0.2019,10160000,0.3756,10130000,0.5,10120000,1.9573,10110000,0.753,10100000,0.6033,10090000,0.0955,10080000,0.2006,10070000,0.1986,10060000,0.1801
25291892,10180000,0.0371,10170000,0.2019,10160000,0.3822,10140000,0.016,10130000,3.3769,10110000,0.0856,10090000,0.7531,10080000,0.2456,10070000,0.1986,10050000,0.5136
25291893,10170000,0.2019,10160000,0.007,10140000,0.016,10130000,1.4737,10120000,3.873,10090000,0.5173,10080000,0.2006,10070000,0.1986,10050000,0.3339,10030000,2.2033
25291894,10170000,0.2019,10160000,0.007,10140000,0.016,10130000,1.4737,10120000,5.4357,10090000,0.0447,10080000,0.2006,10070000,0.2332,10050000,0.3339,10030000,2.3774
25291895,10140000,0.016,10130000,1.4737,10120000,6.3154,10110000,0.0001,10100000,0.1616,10080000,0.06,10070000,0.2332,10050000,0.3339,10030000,2.3774,10020000,1.1125
25291896,10140000,0.016,10130000,0.4737,10120000,0.0201,10110000,0.4224,10100000,0.615,10070000,0.4659,10060000,2.3518,10050000,0.3339,10030000,2.3774,10020000,1.1125
25291897,10140000,0.016,10130000,0.4737,10120000,0.4424,10110000,3.0001,10100000,4.488,10070000,0.5645,10060000,0.1988,10050000,0.3339,10030000,2.2388,10020000,1.1125
25291898,10160000,0.007,10140000,0.016,10120000,0.4424,10110000,3.0001,10100000,1.8977,10070000,0.092,10060000,0.8298,10050000,0.3339,10030000,2.3812,10020000,1.1125
25291899,10160000,0.007,10140000,0.016,10120000,0.4424,10110000,3.0001,10100000,2.6571,10070000,0.5448,10060000,2.7648,10050000,0.3339,10030000,2.3812,10020000,1.1125
25291900,10160000,0.007,10140000,0.016,10120000,0.4424,10110000,0.0001,10100000,0.3821,10090000,0.0434,10080000,0.8523,10060000,0.1988,10050000,0.3339,10030000,2.3782
25291901,10160000,0.007,10140000,0.016,10120000,0.4524,10110000,0.0101,10100000,2.2244,10080000,0.0763,10060000,0.1988,10050000,0.7186,10030000,2.3723,10020000,1.1125
25291902,10160000,0.007,10140000,0.016,10120000,0.7628,10110000,0.0101,10100000,1.854,10090000,1.6817,10080000,0.03,10060000,1.1531,10050000,0.3339,10030000,2.3723
25291903,10160000,0.007,10140000,0.016,10120000,0.489,10110000,0.0101,10100000,4.3929,10080000,0.0492,10070000,0.1207,10060000,0.1988,10050000,0.7185,10030000,2.3696
25291904,10160000,0.007,10140000,0.3119,10120000,0.5107,10110000,0.0101,10100000,2.0461,10090000,0.1489,10080000,0.1653,10070000,0.0696,10060000,0.1988,10050000,0.7185
25291905,10160000,0.007,10140000,0.3119,10120000,0.5166,10110000,1.9097,10100000,1.552,10090000,0.1489,10080000,0.139,10070000,0.0696,10060000,0.1988,10050000,0.7185
25291906,10140000,0.016,10120000,0.5166,10110000,1.9097,10100000,2.2334,10090000,0.6995,10080000,0.0619,10070000,0.1228,10060000,0.1988,10050000,0.3339,10030000,2.3661
25291907,10160000,0.007,10140000,0.016,10120000,0.5166,10110000,0.0101,10100000,4.9996,10070000,0.6162,10060000,0.2308,10050000,0.3339,10030000,2.3659,10020000,1.1125
25291908,10160000,0.007,10140000,0.016,10120000,0.5166,10110000,0.0101,10100000,4.7626,10090000,0.0244,10080000,0.0565,10070000,0.1015,10060000,0.1988,10050000,0.3339
25291909,10160000,0.007,10140000,0.016,10120000,0.5166,10110000,0.0101,10100000,4.0404,10080000,0.6183,10070000,0.0696,10060000,0.1988,10050000,0.3339,10030000,2.3659
25291910,10140000,0.016,10120000,0.5166,10110000,0.0101,10100000,4.0301,10090000,0.968,10080000,0.0564,10070000,0.0696,10060000,0.1988,10050000,0.5764,10030000,2.3658
25291911,10110000,0.0101,10100000,0.6397,10090000,1.895,10080000,1.01,10070000,0.0125,10060000,0.0875,10050000,0.6226,10030000,2.2052,10020000,1.1125,10010000,2.0277
25291912,10090000,1,10080000,0.01,10070000,0.9016,10060000,0.0194,10050000,1.2496,10030000,2.1184,10020000,1.1782,10010000,2.0277,10000000,16.6853,9990000,1.6755
25291913,10160000,0.2742,10140000,0.016,10120000,0.6417,10110000,0.0101,10100000,3.1035,10060000,0.3597,10050000,0.2645,10040000,0.0316,10030000,2.4941,10020000,1.1125
25291914,10160000,0.6186,10140000,0.016,10120000,0.0301,10110000,0.0101,10100000,1.1532,10080000,0.2467,10070000,0.2121,10060000,0.1576,10040000,0.0596,10030000,2.06
25291915,10120000,0.0301,10110000,0.0101,10100000,1.1532,10090000,0.5016,10080000,0.0244,10050000,0.2981,10040000,0.0783,10030000,2.06,10020000,1.1125,10010000,2.0277
25291916,10120000,0.6417,10110000,0.0101,10100000,0.0009,10090000,0.5016,10080000,1.7899,10070000,2.8413,10030000,2.2603,10020000,1.1125,10010000,2.0277,10000000,16.6853
25291917,10140000,0.016,10120000,0.0301,10110000,0.0101,10100000,0.0009,10090000,0.2392,10030000,3.9683,10020000,1.1125,10010000,2.0277,10000000,16.6853,9990000,11.8574
25291918,10110000,1.119,10100000,0.0009,10090000,0.1392,10080000,1.1922,10050000,0.0856,10040000,0.2005,10030000,2.9073,10020000,1.1125,10010000,2.0277,10000000,16.6853
25291919,10100000,0.0009,10090000,1.0016,10080000,0.3702,10050000,0.1647,10040000,3.7958,10030000,2.06,10020000,1.1125,10010000,2.0277,10000000,16.6853,9990000,1.6755
25291920,10110000,0.0101,10100000,0.001,10090000,1.2246,10080000,3.0917,10070000,0.6661,10030000,2.3588,10020000,1.1125,10010000,2.0277,10000000,16.6853,9990000,11.8645
25291921,10110000,0.0101,10100000,0.001,10090000,0.3822,10080000,1.1189,10070000,0.2922,10030000,2.4284,10020000,1.1125,10010000,2.0277,10000000,16.6853,9990000,1.6755
25291922,10100000,0.001,10090000,0.3822,10080000,1.1189,10070000,0.7493,10040000,0.3128,10030000,1.5064,10020000,1.1125,10010000,2.0277,10000000,16.6853,9990000,1.6755
25291923,10080000,1.1502,10070000,0.1119,10060000,0.2,10050000,0.01,10040000,0.1363,10030000,1.3544,10020000,1.1702,10010000,2.0277,10000000,16.6853,9990000,1.6755
25291924,10080000,1.1502,10070000,0.01,10060000,0.2,10050000,0.01,10040000,1.2117,10030000,0.2063,10020000,0.8584,10010000,3.9815,10000000,16.6853,9990000,1.6755
25291925,10080000,0.01,10070000,0.01,10060000,0.2,10050000,0.01,10040000,2.2953,10030000,0.3613,10020000,0.1719,10010000,3.9277,10000000,16.6853,9990000,2.6195
25291926,10070000,0.01,10060000,0.2,10050000,0.01,10040000,0.2953,10030000,2.5373,10020000,0.1025,10010000,3.4747,10000000,16.6853,9990000,2.6195,9980000,2.0643
25291927,10070000,0.01,10060000,0.2,10050000,0.01,10040000,0.8047,10030000,3.2473,10010000,3.7305,10000000,16.6853,9990000,2.6195,9980000,2.0643,9970000,0.1431
25291928,10070000,0.01,10060000,0.2,10050000,0.01,10040000,0.8047,10030000,2.8376,10020000,0.4316,10010000,3.6107,10000000,16.6853,9990000,2.6195,9980000,2.0643
25291929,10070000,0.01,10060000,0.2,10050000,0.01,10040000,0.6094,10030000,3.3352,10020000,0.191,10010000,3.6107,10000000,16.721,9990000,2.6195,9980000,2.0643
25291930,10070000,0.01,10060000,0.2,10050000,0.01,10040000,0.6094,10030000,1.4155,10010000,3.5308,10000000,16.779,9990000,2.6195,9980000,2.0643,9970000,0.1431
25291931,10070000,0.01,10060000,0.2,10050000,0.0982,10040000,0.6094,10030000,1.2415,10010000,3.5306,10000000,16.779,9990000,1.6755,9980000,2.0643,9970000,1.0871
25291932,10060000,0.2,10050000,0.01,10040000,0.6094,10030000,0.0398,10020000,1.0112,10010000,1.7306,10000000,16.8427,9990000,1.6755,9980000,2.0643,9970000,1.0871
25291933,10050000,0.01,10040000,0.6094,10030000,0.0398,10020000,0.9681,10010000,0.2467,10000000,16.0002,9990000,1.6755,9980000,2.0643,9970000,1.0871,9960000,0.2654
25291934,10040000,0.6094,10030000,0.0398,10020000,0.01,10010000,1.0739,10000000,5.8576,9990000,1.555,9980000,2.112,9970000,0.1431,9960000,0.2654,9950000,0.1523
25291935,10060000,0.2,10050000,0.01,10040000,0.4368,10010000,0.866,10000000,0.7551,9980000,1.9442,9970000,0.1431,9960000,0.2654,9950000,0.1523,9940000,0.02
25291936,10060000,0.2,10050000,0.01,10040000,0.7317,10010000,0.3195,10000000,1.8061,9990000,0.0772,9960000,0.0519,9950000,0.0138,9940000,0.2722,9930000,0.2018
25291937,10020000,5,10010000,0.2101,10000000,1.058,9990000,5.7739,9980000,1.1072,9960000,0.2517,9950000,0.0697,9940000,0.2722,9930000,0.2018,9910000,0.0315
25291938,10040000,0.5189,10020000,5,10010000,0.6469,10000000,0.9168,9990000,1.6977,9960000,0.0651,9940000,0.3725,9930000,0.3565,9900000,13.1219,9890000,0.007
25291939,9990000,0.7964,9980000,0.0001,9970000,0.0001,9960000,1.8006,9950000,1.2969,9930000,0.0115,9920000,0.6263,9910000,0.9441,9900000,12.3276,9890000,0.007
25291940,9990000,0.6821,9980000,0.0001,9970000,0.0001,9960000,1.795,9950000,1.3811,9920000,3.1243,9910000,1.0807,9900000,12.178,9890000,0.0071,9880000,10.5596
25291941,9990000,0.0001,9980000,0.0001,9970000,0.0001,9960000,1.795,9950000,0.0083,9920000,1.774,9910000,0.9441,9900000,12.178,9890000,0.0071,9880000,10.5596
25291942,10000000,0.3202,9990000,0.5606,9980000,0.0001,9970000,0.0001,9960000,1.7537,9950000,3.9314,9930000,1.8642,9920000,2.3621,9910000,0.0268,9900000,12.3118
25291943,10040000,1.3798,10010000,0.2101,10000000,0.3202,9990000,0.5601,9980000,0.8399,9950000,0.3815,9930000,0.1356,9900000,5.0725,9890000,10.2729,9880000,10.5596
25291944,10050000,0.609,10040000,0.4316,10010000,0.2101,10000000,0.3202,9990000,0.18,9960000,0.4877,9950000,0.1613,9930000,1.543,9920000,10.2565,9900000,4.2561
25291945,10200000,1.2366,10190000,0.0001,10180000,0.0371,10170000,0.2019,10160000,0.1954,10130000,0.0298,10070000,0.6181,10060000,0.7085,10020000,0.944,10000000,10.0844
25291946,10240000,0.0002,10230000,0.0297,10220000,0.0183,10210000,0.0001,10200000,2.9874,10160000,0.5297,10150000,0.1716,10140000,0.0552,10120000,1.422,10090000,0.2749
25291947,10230000,0.0297,10220000,0.0183,10210000,0.0001,10200000,0.1457,10190000,0.0001,10170000,0.2965,10160000,0.0012,10100000,0.7642,10090000,10.0438,10060000,0.0921
25291948,10240000,0.0002,10230000,0.0297,10220000,0.0183,10210000,0.0001,10200000,0.1191,10190000,0.4638,10180000,0.4175,10160000,0.0012,10110000,1.3542,10070000,10.029
25291949,10300000,1.8138,10290000,0.0248,10280000,1.2035,10270000,0.0001,10260000,0.6721,10200000,0.617,10190000,0.0635,10160000,0.2839,10130000,10.9153,10100000,0.9
25291950,10350000,0.0049,10340000,1.0111,10330000,0.0001,10320000,0.0002,10310000,0.0021,10300000,0.3044,10290000,0.0673,10280000,0.4165,10270000,0.1346,10220000,0.944
25291951,10380000,0.0001,10370000,0.3413,10360000,0.0002,10350000,0.0049,10340000,0.1697,10320000,9.9075,10310000,0.1352,10300000,1.9647,10290000,2.3054,10280000,0.2836
25291952,10350000,0.0001,10340000,0.0001,10330000,0.0001,10300000,0.5144,10290000,0.4852,10280000,1.6192,10250000,9.7104,10230000,0.944,10220000,0.982,10200000,0.0059
25291953,10310000,0.0001,10300000,1.0811,10290000,0.6762,10280000,0.0549,10260000,0.3059,10220000,0.2319,10210000,2.744,10200000,9.4813,10180000,0.9,10160000,0.9452
25291954,10290000,0.0001,10280000,0.0033,10270000,1.4,10260000,0.2543,10250000,1.8812,10230000,2.1646,10200000,0.0059,10190000,9.4708,10160000,0.0012,10150000,0.9
25291955,10340000,0.0001,10330000,0.0001,10320000,0.0002,10310000,0.0001,10300000,0.1808,10290000,0.08,10280000,0.2073,10240000,0.1648,10230000,0.7049,10220000,0.944
25291956,10360000,0.0002,10350000,0.0001,10340000,0.0001,10330000,0.0797,10310000,0.1381,10300000,2.2746,10290000,0.4363,10280000,0.1528,10250000,9.4046,10240000,0.0422
25291957,10410000,0.0001,10400000,0.2918,10390000,0.0001,10380000,0.7717,10370000,0.345,10300000,0.9428,10290000,0.0648,10280000,0.1528,10250000,10.4113,10240000,0.9422
25291958,10380000,0.9617,10370000,0.0811,10360000,0.0727,10330000,0.5168,10300000,0.8845,10270000,0.0744,10250000,0.0645,10240000,0.0422,10180000,0.003,10160000,0.0012
25291959,10360000,0.9498,10330000,0.5168,10320000,0.5831,10300000,0.002,10290000,0.001,10250000,3.4824,10240000,0.0422,10230000,0.2031,10190000,10.3926,10170000,0.9
25291960,10330000,0.5168,10320000,0.0872,10300000,0.022,10290000,0.3424,10280000,0.2193,10260000,0.4413,10250000,0.0743,10240000,0.0422,10160000,0.0012,10150000,10.3422
25291961,10300000,0.032,10290000,0.3723,10280000,0.013,10270000,0.5996,10260000,0.026,10210000,0.2935,10200000,0.3785,10160000,0.0012,10100000,10.441,10090000,0.9
25291962,10270000,0.4654,10260000,0.4356,10220000,0.01,10210000,0.0724,10200000,0.5712,10190000,0.1681,10160000,0.0012,10150000,1.3444,10140000,0.9,10130000,9.5042
25291963,10330000,0.5168,10300000,0.03,10290000,0.3414,10280000,0.01,10270000,0.7082,10210000,0.3722,10200000,0.0412,10190000,1.8467,10180000,10.3459,10160000,0.0062
25291964,10300000,0.3193,10290000,0.3414,10280000,0.0744,10270000,0.4654,10260000,0.1928,10230000,0.5524,10220000,2.439,10210000,0.2738,10200000,0.0412,10180000,0.944
25291965,10350000,0.0052,10330000,0.9713,10320000,0.0875,10300000,0.03,10280000,0.0744,10270000,0.1038,10240000,0.2246,10230000,0.655,10200000,11.2779,10160000,0.0062
25291966,10370000,0.3906,10350000,0.0052,10330000,0.5168,10300000,0.0029,10290000,0.3524,10270000,0.3197,10240000,0.661,10170000,1.6082,10160000,9.4346,10150000,1.9
25291967,10350000,0.9482,10330000,0.5168,10320000,0.2893,10300000,0.0029,10290000,0.3721,10270000,0.2018,10230000,0.2734,10180000,10.3312,10170000,0.944,10160000,0.0062
25291968,10350000,0.0052,10330000,0.5168,10320000,0.5556,10300000,0.0029,10290000,0.001,10280000,0.1173,10270000,0.5018,10230000,0.6642,10200000,10.3193,10180000,1.1906
25291969,10370000,0.0811,10350000,0.0052,10340000,0.01,10330000,0.5168,10320000,0.0109,10300000,0.0865,10290000,0.4125,10280000,0.1173,10270000,0.5426,10190000,0.944
25291970,10370000,0.0311,10350000,0.9482,10340000,0.01,10330000,0.5178,10320000,0.0014,10300000,0.0648,10290000,0.4125,10280000,0.1173,10270000,0.5018,10200000,0.0409
25291971,10370000,0.5022,10350000,0.0052,10340000,0.01,10330000,0.5178,10320000,0.0024,10300000,0.1994,10290000,2.1084,10280000,1.0173,10270000,10.114,10220000,1.5661
25291972,10430000,0.0001,10420000,0.2001,10410000,0.0001,10400000,0.6664,10380000,0.0035,10370000,0.4587,10360000,0.6079,10320000,1.0499,10310000,0.0098,10300000,0.2642
25291973,10490000,1.6994,10480000,0.2356,10470000,0.2282,10460000,0.0001,10450000,0.0201,10390000,1.4072,10380000,0.1,10370000,0.1009,10360000,0.0121,10330000,1.944
25291974,10490000,0.9134,10480000,0.2356,10470000,0.2282,10460000,0.0101,10450000,0.0117,10410000,3.046,10400000,1.2036,10390000,1.4715,10380000,9.3062,10370000,0.1009
25291975,10540000,0.0001,10530000,0.0001,10520000,0.3796,10510000,0.16,10500000,0.1591,10490000,0.1604,10480000,3.0584,10460000,0.0424,10450000,0.9574,10430000,1.9647
25291976,10490000,0.357,10480000,0.369,10470000,0.6858,10460000,0.0004,10430000,0.0023,10420000,0.0931,10400000,0.9,10390000,0.1436,10380000,9.3048,10370000,0.1009
25291977,10500000,0.0057,10490000,0.367,10480000,0.3701,10460000,0.0085,10450000,0.2812,10430000,0.1908,10420000,11.6848,10410000,0.2786,10400000,0.676,10390000,0.0421
25291978,10520000,0.2226,10510000,1.6696,10500000,0.0157,10490000,0.367,10480000,1.5216,10450000,0.2354,10440000,0.0158,10430000,0.0162,10410000,0.0085,10380000,0.06
25291979,10490000,0.367,10480000,0.1672,10470000,0.3706,10450000,1.1802,10430000,0.6818,10410000,0.9085,10400000,1.6525,10390000,9.2586,10370000,0.5876,10360000,0.0121
25291980,10490000,0.367,10480000,1.5836,10450000,0.4797,10440000,0.01,10430000,0.1506,10410000,0.6883,10400000,0.2372,10390000,1.968,10380000,0.9,10370000,0.6789
25291981,10490000,0.367,10480000,1.8744,10450000,0.4797,10440000,0.0469,10430000,1.2049,10400000,0.0534,10390000,0.5372,10380000,1.5415,10370000,0.1009,10360000,1.4961
25291982,10450000,0.4797,10440000,0.01,10430000,0.5887,10420000,0.0365,10410000,0.4423,10380000,0.1853,10370000,1.6133,10360000,0.9658,10350000,9.2774,10340000,0.008
25291983,10440000,0.01,10430000,1.0998,10420000,2.2895,10360000,0.0073,10320000,0.0029,10310000,0.667,10300000,0.8482,10290000,0.2084,10280000,1.0173,10270000,9.6485
25291984,10360000,0.0073,10350000,0.292,10340000,0.3666,10320000,1.5,10300000,0.6828,10290000,0.6004,10280000,0.2675,10270000,0.3064,10260000,0.9,10250000,9.3648
25291985,10420000,1.5,10410000,1.9919,10380000,0.3,10360000,0.0073,10340000,0.0536,10320000,0.9924,10310000,0.9636,10300000,2.2631,10290000,9.7222,10280000,0.1273
25291986,10430000,0.1705,10420000,2.3508,10400000,1.7182,10380000,0.01,10360000,0.6247,10320000,1.3657,10310000,1.4025,10300000,11.0592,10290000,0.2384,10280000,1.0713
25291987,10440000,0.01,10430000,0.1705,10420000,2.2192,10400000,0.999,10380000,0.7201,10350000,0.0522,10330000,0.314,10320000,0.8924,10310000,0.01,10300000,0.5631
25291988,10410000,0.0109,10400000,1.7182,10380000,0.01,10370000,1.6395,10360000,0.3082,10320000,0.1216,10310000,0.1845,10300000,0.5631,10290000,0.2426,10280000,0.1273
25291989,10370000,0.5969,10360000,0.184,10350000,0.642,10330000,0.0093,10320000,0.136,10300000,0.7713,10290000,0.2426,10280000,0.158,10270000,1.2164,10250000,0.01
25291990,10400000,1.8419,10380000,0.01,10370000,1.2559,10360000,0.931,10350000,0.3455,10320000,0.344,10300000,0.1291,10290000,0.3106,10280000,0.1273,10270000,0.3284
25291991,10400000,1.295,10390000,0.0086,10380000,0.01,10370000,0.5969,10360000,1.6535,10330000,0.5408,10320000,4.0464,10310000,0.01,10300000,0.1291,10290000,0.5646
25291992,10380000,0.01,10370000,0.0969,10360000,0.3336,10350000,0.01,10340000,1.1535,10330000,0.0175,10320000,0.0593,10310000,0.01,10300000,0.1291,10290000,0.2426
25291993,10380000,0.01,10370000,0.9398,10360000,0.4718,10350000,0.01,10340000,0.4734,10330000,0.2987,10320000,0.01,10310000,0.0619,10300000,0.1371,10290000,0.6186
25291994,10390000,0.0086,10380000,0.0167,10370000,0.9398,10360000,0.4451,10350000,0.0819,10330000,0.448,10320000,0.01,10310000,0.01,10300000,0.1291,10290000,0.2426
25291995,10420000,2.9916,10380000,0.8596,10370000,0.0969,10360000,0.3336,10340000,0.0011,10330000,0.0782,10320000,0.0626,10310000,0.01,10300000,0.1291,10290000,0.2426
25291996,10430000,0.3253,10420000,1.8347,10380000,0.8596,10370000,0.0969,10360000,0.4223,10330000,0.5501,10320000,0.01,10310000,0.01,10300000,0.1291,10290000,0.2426
25291997,10420000,1.8347,10380000,0.8596,10370000,0.0969,10360000,0.3336,10350000,0.2815,10330000,0.3874,10320000,0.01,10310000,0.01,10300000,0.1291,10290000,0.2426
25291998,10460000,0.8681,10450000,0.4887,10440000,0.01,10430000,0.4985,10420000,0.8763,10390000,0.6194,10380000,3.876,10370000,0.944,10360000,0.01,10350000,0.1476
25291999,10500000,0.0157,10490000,0.648,10480000,1.4291,10460000,0.6996,10450000,0.4887,10440000,0.1002,10430000,0.1395,10420000,0.656,10410000,0.6137,10400000,0.2861
25292000,10500000,0.2967,10490000,0.367,10480000,1.4291,10460000,0.7096,10450000,0.2875,10410000,0.4395,10380000,0.01,10360000,0.954,10350000,0.1476,10340000,0.0094
25292001,10480000,1.7201,10460000,0.7096,10450000,0.273,10440000,0.5342,10430000,0.5197,10410000,0.0584,10400000,0.0676,10390000,0.312,10380000,0.2994,10360000,0.01
25292002,10490000,0.6978,10480000,1.7201,10460000,0.3788,10450000,0.2515,10430000,0.3767,10400000,0.1065,10380000,0.3127,10370000,0.312,10360000,0.2738,10350000,0.1476
25292003,10500000,0.0719,10490000,1.6515,10480000,1.7201,10460000,0.3848,10430000,1.0633,10390000,0.3482,10380000,0.5215,10370000,0.677,10360000,0.3185,10350000,0.1576
25292004,10480000,1.923,10460000,0.3788,10440000,0.2467,10430000,0.4916,10420000,0.1304,10390000,0.348,10380000,0.2937,10360000,0.6306,10350000,0.2256,10340000,0.954
25292005,10490000,0.7085,10480000,1.4391,10460000,2.1788,10450000,0.4599,10440000,0.5577,10420000,0.0176,10410000,0.0563,10380000,0.32,10360000,0.3062,10350000,0.9673
25292006,10480000,1.8975,10460000,0.3788,10450000,0.2318,10430000,0.02,10420000,0.4387,10410000,2.2234,10400000,1.3481,10380000,0.6039,10370000,0.0052,10360000,0.08
25292007,10480000,1.9035,10460000,0.3788,10450000,0.21,10430000,0.02,10420000,0.8871,10400000,0.3683,10380000,0.6039,10370000,0.0052,10360000,0.08,10350000,1.4256
25292008,10480000,1.8975,10460000,0.3788,10450000,0.5804,10430000,0.02,10420000,0.01,10400000,1.4259,10380000,0.2568,10370000,0.3172,10360000,0.0674,10350000,0.1576
25292009,10480000,1.6251,10470000,0.87,10460000,0.3854,10450000,0.2591,10430000,0.02,10420000,0.348,10410000,0.0826,10400000,5.5531,10380000,0.411,10370000,0.0052
25292010,10490000,0.6978,10480000,1.4691,10460000,0.3854,10450000,0.2591,10430000,0.3478,10420000,0.1984,10410000,0.1233,10400000,1.2807,10380000,0.02,10370000,0.0052
25292011,10480000,2.5415,10460000,0.3854,10450000,0.2674,10430000,0.12,10410000,0.1238,10400000,1.0576,10390000,0.0446,10380000,1.5277,10370000,0.0052,10360000,1.542
25292012,10490000,0.6978,10480000,1.4391,10460000,0.3854,10450000,0.7825,10430000,1.7063,10410000,4.1583,10400000,4.4798,10390000,0.008,10380000,1.6251,10370000,0.0052
25292013,10500000,0.6441,10490000,0.6978,10480000,1.4391,10460000,0.3788,10450000,0.415,10430000,0.2626,10420000,0.056,10410000,4.113,10400000,0.944,10390000,0.012
25292014,10490000,0.6978,10480000,1.8968,10470000,1.6,10460000,0.3788,10450000,0.4152,10420000,1.9828,10410000,3.2005,10380000,0.7066,10370000,0.0052,10360000,0.964
25292015,10490000,0.6978,10480000,1.4391,10460000,0.3788,10450000,0.4154,10430000,0.0975,10420000,2.599,10410000,2.8655,10380000,2.1534,10370000,0.0052,10360000,0.02
25292016,10500000,0.0157,10490000,0.6978,10480000,1.4391,10460000,0.3788,10450000,0.5129,10420000,0.6092,10410000,3.628,10390000,0.1095,10380000,2.1534,10370000,0.0052
25292017,10520000,0.2226,10510000,0.1696,10500000,0.0157,10490000,0.6978,10480000,0.0001,10460000,1.0333,10450000,1.7327,10440000,0.7256,10420000,0.0374,10410000,0.0091
25292018,10550000,0.2456,10540000,0.0001,10530000,0.0701,10520000,0.2226,10510000,0.1696,10490000,2.132,10480000,0.1699,10450000,1.0008,10440000,0.0695,10410000,0.0091
25292019,10550000,0.2456,10540000,0.0001,10530000,0.0757,10520000,0.2226,10510000,0.6773,10490000,0.0726,10480000,0.0688,10460000,0.2558,10450000,0.0434,10440000,2.0782
25292020,10570000,0.2126,10560000,0.6594,10550000,0.2456,10540000,0.905,10530000,0.0157,10520000,0.1604,10490000,1.5959,10480000,1.0775,10460000,0.012,10450000,0.31
25292021,10570000,0.2126,10560000,0.6594,10550000,0.2456,10540000,0.0001,10530000,0.1945,10520000,0.0571,10510000,0.0578,10490000,2.4055,10480000,1.0128,10470000,0.33
25292022,10580000,0.0001,10570000,1.119,10560000,0.6594,10550000,0.5287,10540000,0.0001,10530000,0.0002,10520000,1.1354,10510000,0.0578,10500000,2.9916,10490000,0.0959
25292023,10600000,1.3187,10590000,0.0001,10580000,0.0101,10570000,0.2001,10560000,0.6594,10550000,2.645,10530000,1.5,10520000,1.6274,10500000,1.0476,10490000,0.103
25292024,10630000,0.0077,10620000,0.3527,10610000,1.7992,10600000,0.4983,10570000,0.3403,10550000,1.8799,10520000,0.0783,10500000,2.6981,10490000,0.103,10480000,0.0688
25292025,10620000,0.6087,10610000,0.1273,10600000,2.0716,10570000,0.0087,10560000,0.1601,10550000,0.2133,10520000,0.0783,10500000,0.2018,10490000,0.163,10480000,0.0688
25292026,10570000,0.0102,10560000,0.3447,10530000,0.0497,10510000,0.0152,10500000,0.2529,10480000,0.0378,10450000,0.0665,10440000,0.0695,10400000,0.0853,10380000,0.02
25292027,10560000,0.2301,10550000,0.1,10510000,0.0152,10500000,0.9731,10490000,0.1439,10450000,0.209,10440000,0.0695,10420000,0.06,10380000,0.964,10360000,0.02
25292028,10570000,0.01,10560000,1.2364,10510000,0.0152,10500000,0.01,10480000,0.1299,10460000,0.755,10450000,0.0065,10440000,0.0695,10410000,1.1983,10380000,0.02
25292029,10530000,0.03,10520000,0.432,10470000,0.0449,10460000,0.2223,10450000,0.0576,10440000,0.3437,10430000,0.0474,10410000,0.2623,10400000,0.0673,10380000,0.964
25292030,10500000,0.2057,10480000,0.156,10470000,0.0449,10460000,0.069,10450000,0.1182,10420000,0.0641,10410000,0.3169,10400000,0.1073,10380000,0.032,10370000,0.008
25292031,10540000,0.2793,10500000,0.2857,10470000,0.0449,10460000,0.069,10450000,0.0119,10410000,0.542,10400000,0.1073,10390000,0.06,10380000,0.964,10360000,0.02
25292032,10510000,0.006,10500000,0.9527,10470000,0.0449,10460000,0.0501,10440000,0.0111,10410000,1.9181,10400000,0.1073,10380000,0.976,10370000,0.06,10360000,0.02
25292033,10470000,0.0449,10460000,0.0801,10440000,0.0111,10420000,0.3704,10410000,0.0759,10380000,0.0004,10360000,0.672,10350000,0.4756,10340000,0.01,10330000,0.02
25292034,10460000,0.8012,10440000,0.9026,10430000,0.186,10420000,0.3704,10410000,0.0613,10360000,0.915,10350000,2.1336,10340000,0.01,10330000,0.12,10320000,0.01
25292035,10480000,0.1192,10470000,0.0449,10460000,0.9181,10420000,0.3704,10410000,0.0142,10390000,0.0958,10360000,1.4859,10350000,0.1636,10340000,0.954,10330000,0.12
25292036,10470000,0.0541,10460000,0.0501,10450000,0.7511,10420000,0.3704,10410000,2.3278,10400000,1.2889,10360000,1.0814,10350000,1.7636,10340000,0.01,10330000,0.12
25292037,10460000,0.0501,10440000,0.582,10430000,0.03,10420000,0.3704,10410000,2.0618,10370000,0.3322,10360000,0.9074,10350000,0.1646,10340000,0.11,10330000,0.12
25292038,10470000,0.0541,10460000,0.9699,10450000,0.034,10420000,0.3704,10410000,1.7245,10370000,0.0871,10360000,1.1651,10350000,0.1586,10340000,0.11,10330000,0.12
25292039,10460000,0.0501,10450000,0.03,10440000,0.004,10420000,0.3704,10410000,2.6671,10380000,0.705,10360000,0.8485,10350000,0.1586,10340000,0.11,10330000,0.12
25292040,10460000,0.0501,10450000,0.03,10440000,0.0235,10420000,0.3704,10410000,3.3901,10360000,1.1492,10350000,0.8406,10340000,0.11,10330000,0.1242,10320000,0.902
25292041,10440000,0.3215,10420000,0.3704,10410000,2.631,10400000,0.0405,10370000,0.4293,10340000,0.4,10330000,0.1242,10320000,0.01,10310000,0.01,10300000,0.4025
25292042,10400000,0.943,10380000,0.03,10370000,6.2971,10360000,0.989,10350000,1.1448,10320000,0.0297,10300000,0.037,10290000,0.2442,10280000,0.4413,10270000,0.3164
25292043,10370000,0.6076,10350000,1.2124,10340000,0.16,10330000,4.9763,10320000,1.3235,10290000,0.7071,10280000,0.1273,10270000,0.3164,10250000,0.21,10240000,0.01
25292044,10420000,0.3704,10410000,2.0245,10370000,0.4293,10350000,0.1843,10320000,4.5204,10290000,3.0443,10280000,0.1273,10270000,1.2604,10250000,0.21,10240000,0.01
25292045,10420000,0.3704,10410000,0.6565,10390000,0.19,10370000,0.4293,10320000,2.9498,10310000,0.0576,10300000,0.3178,10290000,0.7318,10280000,0.1273,10270000,1.2957
25292046,10410000,0.3,10370000,0.4353,10360000,0.156,10340000,0.5104,10320000,3.3256,10300000,0.2908,10290000,0.3552,10280000,0.1644,10270000,0.5025,10250000,0.954
25292047,10420000,0.3864,10410000,1.4731,10370000,0.4293,10360000,0.3011,10320000,2.9486,10290000,1.3774,10270000,0.3164,10250000,1.2704,10240000,0.01,10230000,0.396
25292048,10460000,1.4987,10420000,0.3704,10410000,0.3,10400000,0.156,10370000,0.9196,10320000,2.5238,10310000,0.0097,10300000,0.9218,10290000,0.5083,10270000,0.3164
25292049,10460000,0.9931,10420000,0.3704,10410000,0.6241,10370000,0.03,10350000,0.6718,10320000,1.8601,10310000,0.0097,10300000,0.1,10290000,0.5902,10270000,0.6304
25292050,10470000,0.0449,10460000,0.0501,10420000,0.6945,10410000,0.3,10380000,0.875,10340000,0.8051,10330000,1.2774,10320000,1.5763,10310000,0.0097,10290000,0.4746
25292051,10460000,0.0501,10440000,0.03,10420000,0.5264,10410000,0.501,10390000,0.1803,10360000,0.0002,10350000,0.7925,10340000,0.0389,10330000,2.6862,10320000,3.2956
25292052,10460000,0.0501,10440000,0.324,10420000,0.5714,10410000,0.3,10390000,0.2224,10360000,0.2931,10330000,0.4234,10320000,2.5203,10310000,0.0217,10290000,0.4746
25292053,10480000,0.0126,10470000,0.0449,10460000,0.2511,10420000,0.3704,10410000,0.3006,10380000,0.3414,10360000,0.2453,10340000,0.956,10330000,0.0101,10310000,0.0097
25292054,10460000,0.2511,10420000,0.3704,10410000,0.3,10400000,3.7267,10390000,0.5394,10360000,1.422,10350000,0.06,10330000,0.0101,10310000,0.0097,10300000,0.944
25292055,10470000,0.0449,10460000,0.1346,10430000,0.162,10420000,0.3704,10400000,3.3595,10360000,0.4957,10330000,0.0101,10320000,0.0363,10310000,0.3297,10300000,1.198
25292056,10450000,0.19,10420000,0.7438,10400000,1.209,10390000,0.1,10380000,0.8614,10360000,0.1811,10350000,0.0488,10330000,1.8688,10310000,0.0097,10290000,0.4746
25292057,10450000,0.5294,10420000,0.3704,10400000,0.312,10390000,0.1,10380000,0.435,10350000,1.168,10340000,1.8,10330000,1.0868,10320000,0.024,10310000,0.0197
25292058,10450000,0.6712,10420000,0.3704,10400000,0.6233,10390000,0.1,10380000,0.1022,10350000,0.3593,10340000,0.0634,10330000,0.6548,10310000,0.9637,10290000,0.4946
25292059,10450000,0.0078,10420000,1.0041,10400000,0.6233,10390000,0.101,10380000,0.4942,10350000,0.3424,10330000,0.1814,10320000,0.588,10310000,0.9637,10290000,1.4739
25292060,10420000,0.3704,10400000,0.3233,10390000,0.101,10370000,0.3,10360000,0.0007,10350000,0.01,10340000,0.055,10330000,0.0301,10310000,0.0644,10290000,2.2454
25292061,10440000,0.943,10420000,0.3704,10400000,0.6193,10390000,0.9967,10350000,0.7537,10320000,0.0213,10310000,0.0644,10290000,1.5958,10270000,1.2204,10250000,0.3643
25292062,10410000,0.326,10400000,0.3233,10390000,0.7555,10340000,0.3326,10330000,0.0006,10320000,2.5303,10310000,1.1098,10290000,1.6692,10280000,0.314,10270000,0.3264
25292063,10410000,1.2047,10400000,0.3233,10390000,0.1,10340000,0.3326,10330000,0.0006,10320000,0.2076,10310000,1.7148,10290000,1.1226,10270000,0.3264,10250000,0.22
25292064,10400000,1.0951,10390000,0.1,10380000,0.0075,10340000,0.3326,10330000,0.4444,10310000,0.0279,10300000,0.0481,10290000,1.458,10280000,0.314,10270000,0.3264
25292065,10390000,0.9007,10380000,0.0075,10340000,0.3326,10330000,0.002,10300000,0.0056,10290000,0.514,10280000,0.0507,10270000,0.3384,10260000,0.06,10250000,1.164
25292066,10390000,0.361,10380000,0.8233,10340000,0.3326,10330000,0.002,10300000,0.9885,10290000,1.2437,10280000,1.9507,10270000,3.2704,10260000,1.164,10250000,0.196
25292067,10370000,0.4162,10360000,0.0058,10340000,0.3326,10330000,0.002,10300000,0.9886,10280000,1.0507,10270000,5.1704,10260000,1.746,10250000,0.18,10240000,0.02
25292068,10360000,0.0058,10340000,0.3326,10330000,0.002,10300000,0.9885,10290000,0.0001,10280000,2.0507,10270000,3.2704,10260000,0.688,10250000,1.296,10240000,0.02
25292069,10400000,0.3233,10390000,1.5795,10360000,0.7776,10340000,0.3326,10330000,0.3761,10280000,1.2273,10270000,2.4064,10250000,0.12,10240000,0.02,10230000,0.02
25292070,10380000,0.4255,10360000,0.7776,10340000,0.4326,10330000,0.3928,10300000,0.439,10280000,0.1,10270000,2.3861,10260000,0.02,10250000,1.064,10240000,0.02
25292071,10360000,0.7763,10340000,0.4326,10330000,0.3145,10320000,0.2022,10290000,0.1251,10280000,0.1,10270000,4.3354,10260000,0.072,10250000,0.12,10240000,0.02
25292072,10380000,0.667,10360000,0.0045,10340000,0.4326,10330000,0.3,10310000,0.5106,10290000,0.8121,10280000,0.1392,10270000,3.4024,10260000,0.326,10250000,0.12
25292073,10400000,0.3233,10380000,0.8326,10360000,0.0045,10340000,0.4326,10330000,0.3,10310000,1.1376,10300000,0.012,10290000,1.3481,10280000,0.1458,10270000,2.4133
25292074,10400000,0.3233,10380000,0.0608,10360000,0.0045,10340000,0.4826,10330000,0.0782,10320000,0.012,10310000,0.0568,10290000,1.0578,10280000,2.3025,10270000,2.3264
25292075,10370000,1.0718,10360000,0.0045,10340000,0.3326,10330000,0.476,10310000,0.3313,10290000,0.1879,10280000,2.7295,10270000,2.4374,10260000,0.382,10250000,0.12
25292076,10380000,0.6108,10370000,1.0718,10360000,0.3545,10340000,0.3326,10330000,0.7044,10300000,0.5215,10290000,0.1569,10280000,0.1956,10270000,2.3264,10250000,0.132
25292077,10400000,0.3853,10380000,0.6108,10370000,0.3,10360000,1.1075,10340000,0.2714,10330000,0.0002,10320000,0.0001,10300000,0.3723,10280000,0.0855,10270000,2.4366
25292078,10390000,0.236,10380000,0.6108,10370000,0.3,10360000,1.1075,10340000,0.2716,10310000,0.1621,10300000,0.0572,10280000,0.107,10270000,2.4345,10260000,0.944
25292079,10360000,0.3545,10350000,1.5248,10340000,0.2714,10310000,1.1893,10290000,0.0131,10280000,0.1067,10270000,2.3876,10260000,0.944,10250000,0.12,10240000,0.02
25292080,10340000,1.0026,10310000,0.3346,10300000,0.5002,10290000,0.3026,10280000,0.6192,10270000,2.3164,10260000,0.0631,10250000,0.12,10240000,0.02,10230000,0.02
25292081,10310000,0.1453,10300000,0.7859,10280000,1.2438,10270000,0.2714,10250000,0.7832,10190000,2.4288,10180000,0.322,10170000,0.956,10160000,0.0062,10120000,9.4965
25292082,10340000,1.1597,10300000,0.1461,10280000,1.7727,10250000,0.8159,10240000,0.9572,10220000,1.0233,10210000,2.035,10200000,1,10190000,1.5871,10170000,0.944
