25308900,978000,18.9576,976000,22.2399,975000,11.7016,974000,34.8612,973000,4.3751,971000,8.6253,970000,2.35,969000,3.2533,968000,2.7604,967000,7.25
25308901,975000,11.7016,974000,5.99,973000,27.1982,971000,4.3431,969000,2.2743,968000,2.2634,966000,7.015,965000,36.0453,964000,3.4965,963000,0.25
25308902,975000,14.6416,974000,5.99,973000,9.9155,971000,23.4769,969000,0.3315,966000,2.29,965000,35.7869,964000,0.5565,963000,1.65,962000,7.8215
25308903,978000,4.1995,976000,33.2399,975000,11.7016,974000,31.92,972000,8.4845,966000,29.665,965000,32.4869,964000,0.4528,963000,3.19,962000,7.9254
25308904,978000,3.2003,976000,33.2399,975000,14.6416,974000,28.98,973000,24.55,968000,50.2073,967000,12.702,966000,3.19,965000,32.2569,964000,0.4528
25308905,976000,33.2399,975000,15.6651,974000,5.99,973000,31,972000,7.9149,968000,7.2553,966000,26.1971,965000,28.1719,964000,2.1528,963000,3.19
25308906,976000,22.2399,975000,23.4934,974000,5.99,973000,3,971000,54.4872,967000,5,966000,33.3351,965000,28.1475,964000,5.1528,963000,0.25
25308907,975000,23.4934,974000,5.99,973000,2,971000,69.7117,967000,0.1741,966000,34.4699,965000,26.8475,964000,1.2528,963000,4.15,962000,10.8654
25308909,975000,20.5534,974000,5.99,972000,2.94,971000,48.9367,970000,8.0688,966000,23.6053,965000,28.8475,964000,1.4528,963000,2.95,962000,7.9254
25308909,976000,33.2399,975000,19.5299,974000,7.0135,971000,9.4375,970000,43.2143,966000,23.5557,965000,33.8475,964000,1.4528,963000,1.25,962000,5.6254
25308911,971000,6.4975,970000,42.4392,969000,23.7151,968000,3.516,967000,0.3332,966000,23.1973,965000,28.8475,964000,6.4528,963000,1.25,962000,3.9254
25308911,971000,11.4975,970000,1,969000,19.34,968000,2.5088,967000,3.0629,966000,22.9357,965000,28.8475,964000,6.4528,963000,1.25,962000,4.6215
25308913,974000,18.0135,971000,11.4975,970000,1,969000,19.34,967000,44.1383,966000,19.9357,965000,28.8475,964000,6.4528,963000,1.25,962000,5.5215
25308914,975000,11.7016,974000,18.0135,971000,11.4975,969000,20.34,967000,19.9234,966000,2.5096,965000,27.5975,964000,6.4528,963000,2.25,962000,5.5215
25308915,975000,11.7016,974000,16.929,971000,22.4975,969000,19.34,967000,40.318,966000,9.1124,965000,37.5975,964000,16.4528,963000,2.25,962000,5.5215
25308916,975000,11.7016,974000,21.939,971000,11.4975,969000,20.34,967000,40.318,966000,3.2802,965000,53.7226,964000,16.4528,963000,2.25,962000,3.8215
25308917,975000,11.7016,974000,11.939,971000,11.4975,969000,19.34,967000,34.1497,966000,3.8736,965000,63.7226,964000,16.4528,963000,2.25,962000,4.7215
25308918,975000,11.7016,974000,11.939,971000,11.4975,969000,19.34,967000,20.0151,966000,7.6084,965000,43.7226,964000,6.4528,963000,3.5248,962000,4.7215
25308919,975000,11.7016,974000,11.939,971000,11.4975,969000,19.34,967000,17.6409,966000,28.3006,965000,43.7226,964000,6.4528,963000,3.5248,962000,5.5215
25308920,974000,9.9155,973000,1.0235,971000,11.4975,969000,19.34,967000,17.6409,966000,31.4811,965000,41.7226,964000,5.4528,963000,3.4248,962000,4.6215
25308921,974000,10.939,973000,1,971000,11.4975,969000,2.94,967000,3.5567,966000,23.8811,965000,40.7226,964000,5.4528,963000,2.5248,962000,5.5215
25308922,976000,34.2634,975000,12.7016,974000,9.9155,973000,1,971000,12.9808,967000,31.5282,966000,11.2236,965000,42.7226,964000,7.1528,963000,2.5248
25308923,976000,23.2634,975000,12.7016,974000,20.9155,973000,3.4934,971000,10.6932,968000,3.3756,967000,36.15,966000,3.4127,965000,43.6226,964000,6.2528
25308924,976000,22.2399,975000,12.7251,974000,21.9155,972000,16.4,971000,11.6932,968000,4.1511,967000,5,966000,1.2288,965000,42.7226,964000,7.1528
25308925,976000,22.2399,975000,12.7251,974000,21.9155,971000,15.117,970000,25.2011,968000,2.373,966000,1.6402,965000,26.5975,964000,5.4528,963000,2.5248
25308926,976000,22.2399,975000,12.7251,974000,21.9155,971000,15.117,970000,32.3079,966000,23.7604,965000,26.5975,964000,5.4528,963000,2.5248,962000,5.5215
25308927,976000,22.2399,975000,12.7251,974000,20.9155,971000,14.7396,970000,27.1919,966000,24.7057,965000,26.5975,964000,10.4528,963000,2.5248,962000,5.5215
25308928,975000,12.7251,974000,20.9155,972000,272.8721,971000,13.7406,970000,31.3069,966000,24.7057,965000,31.5975,964000,5.4528,963000,2.5248,962000,5.5215
25308929,974000,21.939,972000,271.8721,971000,12.3768,970000,48.3359,969000,5.8572,966000,28.8558,965000,26.5975,964000,5.4528,963000,2.5248,962000,5.5215
25308930,974000,21.939,972000,272.8721,971000,11.3268,970000,16.4469,969000,2.5821,966000,14.4395,965000,27.4792,964000,5.4528,963000,2.5248,962000,5.5215
25308931,972000,273.8711,971000,11.3268,970000,15.4469,969000,2.3638,966000,1.3173,965000,15.5887,964000,5.4528,963000,11.9288,962000,3.8215,961000,8.7919
25308932,972000,272.8711,971000,7.3268,970000,15.4469,969000,4.375,966000,1.0361,965000,15.3144,964000,9.6533,963000,26.5348,962000,3.8215,961000,8.7919
25308933,972000,272.8711,971000,7.3268,970000,15.4469,969000,4.375,966000,3.1683,965000,15.3144,964000,33.0698,963000,2.5248,962000,3.8215,961000,9.804
25308934,971000,17.3268,970000,10.6604,969000,4.375,968000,2.94,966000,3.1683,965000,10.793,964000,4.6533,963000,8.5348,962000,3.8215,961000,7.0919
25308935,972000,272.8711,971000,11.3293,970000,9.6604,968000,7.315,966000,3.1683,963000,7.5248,962000,35.3755,961000,8.104,960000,173.9993,958000,1.5472
25308936,972000,272.8711,971000,11.3293,970000,10.6604,967000,21.015,966000,6.1083,964000,1.2,963000,2.86,962000,9.2385,961000,10.6319,960000,173.9993
25308937,974000,11,972000,273.8946,971000,1.3293,970000,14.0354,966000,22.7974,963000,214.7374,962000,9.2385,961000,10.6319,960000,172.2993,959000,1.7
25308938,972000,273.8711,971000,11.3293,970000,9.6604,969000,14.2905,966000,22.7974,963000,215.3368,962000,4.2385,961000,10.6319,960000,172.2993,958000,3.2472
25308939,970000,9.6604,969000,9.9155,966000,3.232,965000,16.64,964000,2.8763,963000,185.1868,962000,4.2385,961000,7.0919,960000,172.2993,958000,2.3472
25308940,971000,11.3293,970000,9.6604,969000,9.9155,966000,25.247,964000,2.8763,963000,66.4695,962000,4.2385,961000,7.0919,960000,172.7993,958000,2.3472
25308941,972000,284.8946,971000,0.3293,970000,10.6604,969000,9.9155,966000,20.872,963000,62.5235,962000,4.2385,961000,7.0919,960000,173.2623,959000,0.9
25308942,971000,0.3293,970000,10.6604,969000,9.9155,966000,4.232,965000,18.2298,963000,53.0235,962000,4.2385,961000,7.0919,960000,172.8623,959000,0.1863
25308943,971000,1.3528,970000,14.5604,969000,10.9155,966000,4.232,965000,16.8946,963000,49.1819,962000,4.2385,961000,7.0919,960000,172.8623,959000,0.1863
25308944,970000,14.5604,969000,10.9155,966000,4.232,965000,18.6256,964000,4.2258,963000,46.1528,962000,4.2385,961000,7.0919,960000,172.8623,959000,0.1863
25308945,970000,10.6839,969000,10.9155,966000,4.232,965000,16.8946,964000,1.8695,963000,39.5082,962000,4.2385,961000,7.0919,960000,172.8623,959000,0.1863
25308946,971000,1.3528,970000,9.6604,969000,9.9155,966000,4.232,965000,16.6801,963000,7.0635,962000,4.2385,961000,7.1959,960000,172.8623,959000,0.1863
25308947,971000,1.3528,970000,9.6604,969000,10.9155,967000,10.255,966000,1.292,965000,0.9218,964000,0.0813,963000,31.1445,962000,4.2385,961000,7.0919
25308948,971000,0.3293,970000,9.6604,969000,18.7355,967000,7.315,966000,2.6861,965000,0.0439,963000,8.1939,962000,4.2385,961000,7.0919,960000,172.8623
25308949,971000,0.3293,970000,8.6604,969000,18.7355,967000,7.315,966000,3.1516,965000,0.0204,963000,39.0839,962000,4.2385,961000,7.8919,960000,173.2623
25308950,972000,283.8956,971000,0.3293,970000,9.6604,969000,22.1105,966000,5.5481,963000,16.0316,962000,4.2385,961000,7.8919,960000,173.2623,959000,0.1863
25308951,972000,271.8721,971000,0.3293,970000,20.6604,969000,22.1105,966000,5.2873,964000,5,963000,39.4036,962000,4.2385,961000,8.7919,960000,172.8623
25308952,972000,272.8956,971000,0.3293,970000,20.6604,969000,22.1105,966000,16.769,965000,0.0248,964000,6.0566,963000,39.4036,962000,4.2385,961000,8.7919
25308953,972000,272.8956,971000,0.3293,970000,20.6604,969000,22.1105,966000,11.3366,964000,9.5714,963000,34.1448,962000,4.2385,961000,8.7919,960000,172.8623
25308954,971000,0.3293,970000,20.6604,969000,12.195,968000,9.9155,966000,10.4707,964000,13.4122,963000,34.1448,962000,4.2385,961000,8.7919,960000,172.8623
25308955,971000,0.3293,970000,20.6604,969000,7.82,968000,9.9155,966000,8.5048,964000,13.4122,963000,25.9348,962000,4.2385,961000,8.7919,960000,172.8623
25308956,971000,2.8268,970000,19.6604,969000,8.82,968000,9.9155,966000,5.2731,965000,1.0363,964000,10.0803,963000,2.9348,962000,4.2385,961000,8.7919
25308957,971000,2.8268,970000,19.6604,969000,8.82,968000,9.9155,966000,6.2318,964000,9.8242,963000,2.9348,962000,4.2385,961000,7.0919,960000,174.5623
25308958,971000,3.8503,970000,8.6604,969000,7.82,968000,21.9155,966000,7.509,964000,4.8242,963000,2.9348,962000,4.2385,961000,7.0919,960000,174.5623
25308959,970000,19.6604,969000,7.82,968000,11.2155,966000,8.7862,965000,0.9578,964000,3.4045,963000,5.8974,962000,1.7596,961000,7.0919,960000,172.8623
25308960,970000,8.6604,969000,7.82,968000,21.9155,966000,6.2318,965000,13.7525,962000,2.5936,961000,7.0919,960000,172.8623,959000,0.5863,958000,20.0641
25308961,971000,4.1503,970000,8.6604,969000,7.82,968000,21.9155,966000,6.0571,962000,4.6225,961000,7.4209,960000,172.8623,959000,0.1863,958000,3.2472
25308962,971000,3.1268,970000,9.6839,969000,7.82,968000,21.9155,966000,4.3951,961000,2.5347,960000,172.8623,959000,0.1863,958000,1.9472,957000,1.15
25308963,971000,3.1268,970000,9.6839,969000,7.82,968000,21.9155,966000,20.1733,961000,3.1252,960000,172.8623,959000,0.1863,958000,3.2472,957000,0.25
25308964,971000,3.1268,970000,10.6839,969000,7.82,968000,21.9155,966000,20.1733,962000,2.2955,961000,1.8128,960000,172.8623,959000,1.0863,958000,2.3472
25308965,971000,4.1503,970000,20.7604,969000,7.82,968000,10.9155,966000,4.2883,963000,1.8827,961000,1.8128,960000,172.8623,959000,1.0863,958000,2.3472
25308966,972000,273.9393,971000,4.1503,970000,20.6604,968000,10.9155,966000,4.2883,964000,1.7809,961000,1.8128,960000,172.9872,959000,1.0863,958000,2.3472
25308967,972000,273.9393,971000,3.1268,970000,21.6839,968000,10.9155,966000,25.0615,961000,9.6878,960000,172.9872,959000,1.0863,958000,2.3472,957000,0.25
25308968,971000,3.1268,970000,21.6839,968000,10.9155,967000,2.94,966000,75.0615,961000,9.6878,960000,172.9872,959000,1.8863,958000,1.5472,957000,0.25
25308969,970000,10.6839,968000,22.9155,967000,2.94,966000,75.0615,964000,1.0533,961000,29.6486,960000,172.9872,959000,1.8863,958000,1.5472,957000,0.25
25308970,970000,10.6839,968000,21.9155,967000,2.94,966000,70.6302,965000,0.9296,961000,29.6486,960000,172.9872,959000,1.8863,958000,1.5472,957000,0.25
25308971,970000,21.6839,968000,10.9155,967000,2.94,966000,61.7635,965000,2.4975,961000,29.6486,960000,172.9872,959000,1.8863,958000,1.5472,957000,0.25
25308972,971000,0.6293,970000,21.6839,968000,10.9155,967000,2.94,966000,1.292,965000,74.8709,961000,29.6486,960000,173.8872,959000,0.9863,958000,1.5472
25308973,972000,274.9628,971000,0.6293,970000,21.6604,968000,19.8738,966000,0.235,965000,9.668,961000,18.3486,960000,172.9872,959000,0.1863,958000,1.5472
25308975,975000,14.7112,972000,274.9628,971000,0.6293,970000,21.6604,968000,15.043,963000,0.35,962000,0.07,961000,20.9775,960000,173.0911,959000,0.1863
25308976,975000,14.7112,972000,285.9628,971000,0.6293,970000,13.3037,968000,14.8555,964000,23.966,962000,0.07,961000,18.4733,960000,173.8911,959000,0.1863
25308976,972000,285.9393,971000,0.6293,970000,10.6604,969000,2.94,968000,10.9401,966000,0.0905,965000,16.9823,964000,20,962000,0.97,961000,6.801
25308978,972000,274.9393,971000,0.6293,970000,10.6604,969000,2.94,968000,12.3501,966000,4.2324,965000,12,964000,20,962000,0.07,961000,3.1169
25308979,972000,285.9393,971000,0.6293,970000,10.6604,969000,2.94,968000,12.1501,966000,3.0001,965000,14.375,964000,20,963000,0.8815,961000,1.4169
25308980,972000,285.9393,971000,0.6293,970000,13.6004,969000,17.3833,968000,12.1501,965000,10.5928,964000,20,961000,1.4169,960000,175.2911,959000,0.1863
25308981,972000,274.9393,971000,0.6293,970000,13.6004,969000,2.6433,968000,12.0301,966000,1.4705,965000,10,964000,20,961000,1.4169,960000,175.1872
25308982,975000,25.7112,972000,274.9628,971000,0.6293,970000,14.6004,969000,4.7579,966000,0.8786,961000,25.2169,960000,174.3872,959000,0.1863,958000,1.5472
25308983,975000,25.7112,972000,274.9628,971000,0.6293,970000,13.6004,969000,21.4984,966000,20.8786,963000,23,961000,7.4919,960000,173.4872,959000,0.1863
25308984,975000,25.7112,972000,274.9628,971000,0.6293,970000,12.6004,969000,17.8546,963000,47.9688,961000,3.1169,960000,173.4872,959000,0.1863,958000,1.5472
25308985,975000,25.7112,972000,274.9628,971000,0.6293,970000,12.6004,969000,18.8551,965000,5.2019,963000,20,962000,23,961000,1.4169,960000,175.1872
25308986,975000,34.6104,972000,274.9628,971000,0.6293,970000,27.3404,969000,3.1146,965000,5.2013,963000,20,962000,23,961000,1.4169,960000,187.1872
25308987,975000,35.6339,972000,273.9393,971000,1.6293,970000,29.455,969000,1.5,965000,0.5924,963000,55.778,961000,1.4169,960000,187.1872,959000,0.1863
25308988,971000,0.6293,970000,12.6004,969000,2.6433,968000,3.3678,967000,1,964000,10.5936,963000,43,961000,3.1169,960000,173.4872,959000,0.1863
25308989,975000,35.6339,972000,274.9393,971000,0.6293,970000,14.1533,966000,0.107,964000,22.8221,963000,43,961000,3.1169,960000,173.4872,959000,0.1863
25308990,975000,35.6339,972000,275.9393,971000,0.6293,970000,25.3604,969000,4.184,964000,39.8079,963000,20,961000,3.1169,960000,173.4872,959000,0.1863
25308991,975000,35.6339,972000,275.9393,971000,0.6293,970000,25.3604,969000,9.559,964000,47.7599,963000,20,962000,0.9,961000,2.2169,960000,173.4872
25308992,975000,35.6339,972000,274.9393,971000,0.6293,970000,26.3604,969000,9.5775,968000,1.4563,964000,10.8364,963000,20,961000,3.1169,960000,70.3824
25308993,975000,35.6339,972000,273.9393,971000,0.6293,970000,13.6004,969000,7.1216,968000,0.065,964000,17.4222,963000,20,962000,0.9,961000,2.2169
25308994,976000,23.2389,975000,35.6339,972000,273.9393,971000,4.2726,970000,12.6004,968000,2.7347,965000,2.456,964000,38.9672,963000,21.05,962000,0.9
25308995,976000,23.2389,975000,35.6339,972000,273.9393,971000,0.6293,970000,14.5195,968000,1.6232,966000,12.276,965000,23,964000,10.8364,963000,24.6957
25308996,976000,23.2389,975000,35.6339,972000,274.9393,971000,0.6293,970000,12.884,969000,0.1069,968000,2.8881,966000,4.556,965000,23.3046,964000,12.5364
25308997,975000,35.6339,972000,273.9393,971000,1.6293,970000,29.3671,969000,1.9191,968000,0.5946,966000,2.2241,965000,0.3046,964000,7.1179,963000,21.95
25308998,972000,273.9393,971000,1.6293,970000,19.2721,969000,2.0185,968000,13.2733,966000,0.7423,964000,30.1179,963000,21.95,961000,1.4169,960000,70.2575
25308999,971000,1.6293,970000,12.6004,969000,0.0185,968000,13.1665,966000,0.0489,964000,19.5139,963000,20.25,962000,0.9,961000,1.4169,960000,70.1575
25309000,971000,1.6293,970000,12.6004,969000,0.0185,968000,1.919,966000,0.0051,964000,12.808,963000,20.25,962000,10,961000,12.7169,960000,70.3575
25309001,971000,1.6293,970000,9.6604,969000,0.0185,968000,1.919,966000,0.0051,964000,13.7763,963000,20.25,961000,12.7169,960000,80.3575,959000,10.493
25309002,972000,273.9393,971000,0.6293,970000,9.6604,969000,5.6018,968000,0.0182,966000,1.3458,964000,23.7763,963000,30.25,961000,12.8169,960000,92.3575
25309003,975000,41.6544,972000,273.9393,971000,0.6293,970000,37.6504,969000,10.8988,968000,0.0079,964000,25.2178,963000,30.25,961000,12.8169,960000,92.3575
25309004,972000,284.9393,971000,1.6293,970000,9.6604,969000,2.9583,968000,32.6942,964000,22.808,963000,38.426,961000,12.8169,960000,195.4623,959000,10.493
25309005,971000,0.6293,970000,9.6604,969000,3.9583,968000,4.129,966000,0.0009,964000,23.054,963000,38.451,961000,12.8169,960000,205.4623,959000,10.493
25309006,972000,274.9393,971000,0.6293,970000,9.6604,969000,3.9583,968000,21.4011,964000,23.482,963000,30.45,961000,11.4169,960000,205.4623,959000,12.193
25309007,972000,273.9393,971000,1.6293,970000,9.6604,969000,3.9583,968000,8.7281,964000,22.3335,963000,30.8479,961000,11.4169,960000,206.2623,959000,11.393
25309008,972000,273.9393,971000,1.6293,970000,9.6604,969000,3.9583,968000,8.9741,964000,23.5176,963000,30.45,961000,11.4169,960000,195.1623,959000,10.493
25309009,972000,273.9393,971000,1.6293,970000,9.6604,969000,22.0183,968000,7.937,964000,12.7314,963000,30.45,962000,10,961000,11.8169,960000,216.3623
25309010,972000,273.9393,971000,1.6293,970000,9.6604,969000,28.0183,968000,8.9741,964000,13.5255,963000,30.45,961000,11.8169,960000,216.8623,959000,10.493
25309011,972000,284.9393,971000,1.6293,970000,9.6604,969000,1.0183,968000,12.1541,964000,12.7314,963000,30.45,961000,12.7169,960000,203.9623,959000,22.493
25309012,972000,273.9393,971000,1.6293,970000,9.6604,969000,1.0183,968000,16.4474,964000,20.7544,963000,30.45,961000,12.7169,960000,203.9623,959000,22.493
25309013,972000,273.9393,971000,1.6293,970000,9.6604,969000,1.0183,968000,23.7196,964000,24.7255,963000,38.374,961000,12.9169,960000,203.9623,959000,10.493
25309014,972000,274.9393,971000,0.6293,970000,9.6604,969000,3.9583,968000,20.7796,964000,38.1579,963000,30.45,962000,0.9,961000,12.2169,960000,203.9623
25309015,972000,286.9393,971000,0.6293,970000,9.6604,969000,3.9583,968000,20.7796,964000,19.7785,963000,38.822,962000,0.9,961000,12.2169,960000,203.9623
25309016,972000,285.9393,971000,1.6293,970000,9.6604,969000,3.9583,968000,20.7796,964000,13.9109,963000,30.45,962000,0.9,961000,12.2169,960000,203.9623
25309017,972000,274.9393,971000,1.6293,970000,9.6604,969000,3.9583,968000,16.4046,965000,6.232,964000,18.9215,963000,30.45,961000,13.1169,960000,203.9623
25309018,972000,274.9393,971000,2.6293,970000,9.6604,969000,3.9583,968000,19.3976,965000,0.3119,964000,18.6095,963000,30.45,962000,0.8,961000,11.4169
25309019,972000,284.9393,971000,1.6293,970000,9.6604,969000,1.0183,968000,26.7126,965000,0.3119,964000,18.6095,963000,30.45,962000,0.8,961000,11.4169
25309020,972000,274.9628,971000,1.6293,970000,20.6604,969000,1.0183,968000,23.7726,965000,0.0019,964000,18.6095,963000,30.45,961000,13.1169,960000,203.9623
25309021,972000,274.9628,971000,1.6293,970000,9.6604,969000,1.0183,968000,17.9055,964000,12.8473,963000,30.45,961000,11.4169,960000,204.8623,959000,11.293
25309022,972000,274.9628,971000,1.6293,970000,12.6004,969000,1.0183,968000,46.6105,964000,12.3373,963000,30.45,961000,11.4169,960000,203.9623,959000,10.493
25309023,971000,0.6293,970000,12.6004,969000,2.0183,968000,31.9155,967000,9.715,964000,12.3373,963000,30.45,961000,11.4169,960000,203.9623,959000,12.193
25309024,972000,274.9628,971000,0.6293,970000,12.6004,969000,2.0183,968000,15.4003,964000,12.3335,963000,30.45,961000,11.4169,960000,203.9623,959000,12.193
25309025,972000,286.9863,971000,1.6293,970000,12.6004,969000,1.0183,968000,18.0436,964000,11.8135,963000,30.45,961000,11.4169,960000,203.9623,959000,12.193
25309026,972000,285.9628,971000,1.6293,970000,12.6004,969000,20.9983,968000,11.0253,964000,12.8283,963000,30.45,961000,11.4169,960000,203.9623,959000,11.293
25309027,972000,285.9628,971000,1.6293,970000,12.6004,969000,1.0183,968000,41.0236,964000,11.6235,963000,30.45,961000,11.4169,960000,204.7623,959000,10.493
25309028,971000,1.6293,970000,12.6004,969000,1.0183,968000,14.3115,967000,0.1698,965000,1.2081,964000,11.6235,963000,30.45,961000,11.4169,960000,204.7623
25309029,972000,285.9628,971000,1.6293,970000,12.6004,969000,1.0183,968000,46.2586,965000,0.1227,964000,11.6235,963000,30.45,961000,11.4169,960000,203.9623
25309030,971000,0.6293,970000,12.6004,969000,1.0183,968000,17.9338,967000,5.2661,965000,0.1227,964000,11.6235,963000,30.45,961000,11.4169,960000,203.9623
25309031,970000,23.6004,969000,1.0183,968000,39.8955,967000,5.2661,966000,0.4188,965000,0.0078,964000,11.6235,963000,35.45,961000,16.4169,960000,208.9623
25309032,970000,13.6004,969000,1.0183,968000,39.8955,967000,5.2661,966000,6.7059,963000,25.0229,961000,16.4169,960000,208.9623,959000,15.493,958000,20.3872
25309033,970000,12.6004,969000,2.0183,968000,15.2905,967000,5.2661,966000,6.7059,963000,30.0229,961000,16.4169,960000,208.9623,959000,15.493,958000,21.1872
25309034,970000,12.6004,969000,2.0183,968000,10.9155,967000,9.6411,966000,6.7059,963000,29.6041,961000,16.4169,960000,208.9623,959000,15.493,958000,21.1872
25309036,970000,12.6004,969000,1.0183,968000,37.9055,967000,9.6411,966000,6.7059,963000,29.6041,962000,23,961000,16.4169,960000,208.9623,959000,15.493
25309037,970000,12.6004,969000,7.8461,968000,9.9155,967000,5.2661,966000,5.7059,963000,52.6041,961000,17.4169,960000,208.9623,959000,15.493,958000,19.4872
25309037,970000,12.6004,969000,8.8461,968000,9.9155,967000,5.2661,966000,5.7059,963000,29.6041,962000,23,961000,16.4169,960000,208.9623,959000,17.193
25309039,971000,0.6293,970000,12.6004,969000,1.0183,968000,14.2905,967000,5.2661,963000,87.9761,962000,1.7,961000,16.4169,960000,208.9623,959000,15.493
25309040,971000,0.6293,970000,12.6004,969000,0.0183,968000,14.2905,967000,5.2661,966000,0.0044,963000,97.4561,961000,18.1169,960000,208.9623,959000,15.493
25309041,971000,0.6293,970000,12.6004,969000,0.0183,968000,14.2905,967000,4.3942,966000,0.0044,964000,23,963000,53.6041,961000,18.1169,960000,208.9623
25309042,971000,1.6293,970000,12.6004,969000,0.0183,968000,14.2905,967000,4.3942,966000,0.0044,964000,24.4008,963000,29.6041,961000,18.1169,960000,208.9623
25309043,971000,1.6293,970000,12.6004,969000,0.0183,968000,9.9155,967000,4.3942,966000,0.0044,964000,32.817,963000,29.6041,961000,18.1169,960000,208.9623
25309044,971000,0.6293,970000,12.6004,969000,0.0183,968000,14.2905,967000,3.4373,964000,24.619,963000,29.6041,961000,18.1169,960000,208.9623,959000,27.493
25309045,971000,0.6293,970000,12.6704,969000,0.0183,968000,14.2905,967000,3.4373,964000,7.941,963000,52.6041,961000,18.1169,960000,208.9623,959000,27.493
25309046,971000,0.6293,970000,12.6704,969000,0.0183,968000,9.9155,967000,7.7912,963000,37.3101,962000,0.9,961000,17.2169,960000,208.9623,959000,27.493
25309047,971000,1.6293,970000,34.6604,969000,0.0183,968000,16.9338,967000,3.4162,963000,29.6041,961000,18.1169,960000,208.9623,959000,27.493,958000,19.4872
25309048,970000,13.6704,969000,0.0183,968000,43.9338,967000,3.4162,966000,2.6,963000,28.9354,961000,18.1169,960000,208.9623,959000,15.493,958000,19.4872
25309049,971000,1.6528,970000,16.2547,969000,0.0183,968000,12.5588,967000,3.4162,964000,1.4783,963000,28.9354,962000,23,961000,16.4169,960000,208.9623
25309050,971000,1.6293,970000,15.2547,969000,0.0183,968000,12.5588,967000,3.4162,964000,2.9462,963000,28.9354,962000,23,961000,16.4169,960000,208.9623
25309051,971000,2.6293,970000,15.2547,969000,0.0183,968000,16.9338,967000,4.8462,964000,0.5344,963000,28.9354,962000,23,961000,15.9419,960000,208.9623
25309052,971000,2.6293,970000,15.2547,969000,0.0183,968000,34.9055,967000,4.9182,964000,1.8612,963000,28.9354,962000,23,961000,15.9419,960000,208.9623
25309053,971000,1.6293,970000,16.2547,969000,0.0183,968000,14.2905,967000,4.9182,964000,3.3096,963000,28.9354,962000,23,961000,15.9419,960000,208.9623
25309054,971000,2.6293,970000,15.2547,969000,0.0183,968000,14.2905,967000,4.9182,963000,29.8754,962000,23,961000,15.9419,960000,208.9623,959000,17.193
25309055,971000,2.6293,970000,15.2547,969000,0.0183,968000,14.2905,967000,4.9182,963000,30.1754,962000,23,961000,15.9419,960000,208.9623,959000,17.0067
25309056,971000,2.6293,970000,15.2547,969000,0.0183,968000,14.2905,967000,4.9182,963000,31.4181,962000,23,961000,15.9419,960000,208.9623,959000,17.0067
25309057,971000,1.6293,970000,16.2547,969000,0.0183,968000,14.2905,967000,4.9182,964000,0.2577,963000,31.1181,962000,23,961000,15.9419,960000,208.9623
25309058,971000,1.6293,970000,15.2547,969000,0.0183,968000,14.2905,967000,4.9182,963000,26.3369,962000,23,961000,15.9419,960000,208.9623,959000,17.0067
25309059,971000,1.6293,970000,15.2547,969000,0.0183,968000,14.2905,967000,4.9182,963000,27.5341,962000,23,961000,15.9419,960000,208.9623,959000,17.0067
25309060,971000,0.8179,970000,15.2547,969000,0.0183,968000,14.2905,967000,4.9182,963000,27.5341,962000,23,961000,15.9419,960000,208.9623,959000,17.0067
25309061,971000,1.8179,970000,15.2547,969000,0.0183,968000,14.2905,967000,4.9182,963000,27.6288,961000,15.9419,960000,209.8623,959000,16.1067,958000,19.4872
25309062,971000,0.8179,970000,16.2547,969000,0.0183,968000,14.2905,967000,2.5663,965000,1.4773,963000,26.5092,961000,15.9419,960000,210.6623,959000,15.3067
25309063,971000,0.8179,970000,16.2547,969000,0.0183,968000,14.2905,967000,3.1062,963000,27.5699,962000,8.122,961000,15.9419,960000,210.6623,959000,15.3067
25309065,971000,1.8179,970000,15.2547,969000,0.0183,968000,9.9155,967000,7.4812,963000,26.1342,962000,8.122,961000,15.9419,960000,210.6623,959000,15.3067
25309065,971000,0.8179,970000,16.2547,969000,0.0183,968000,14.2905,967000,0.0792,963000,26.6118,961000,16.8419,960000,209.7623,959000,15.3067,958000,31.4872
25309066,971000,1.8179,970000,15.2547,969000,0.0183,968000,15.2905,967000,1.0792,963000,56.3748,961000,16.8419,960000,221.7623,959000,15.3067,958000,19.4872
25309067,971000,1.8179,970000,43.2447,969000,0.0183,968000,2,967000,0.895,966000,1.6474,965000,7.808,963000,28.2785,961000,15.9419,960000,222.0623
25309068,975000,24.6339,972000,276.8793,971000,0.8179,970000,13.3147,969000,2.0183,966000,1.6474,963000,26.8785,962000,1.7,961000,18.8819,960000,222.0623
25309069,973000,2.94,972000,273.9393,971000,0.8179,970000,13.3147,969000,1.3423,967000,1.7874,966000,0.1057,963000,28.9525,962000,1.7,961000,15.9419
25309070,973000,2.94,972000,273.9393,971000,0.8179,970000,13.7092,969000,2.2011,966000,0.1057,965000,7.685,963000,30.0282,961000,15.9419,960000,225.0023
25309071,973000,2.94,972000,274.9393,971000,0.8179,970000,13.7092,969000,6.5903,966000,0.1057,965000,8.126,963000,56.1082,962000,0.8,961000,15.9419
25309072,973000,2.94,972000,274.9393,971000,0.8179,970000,12.3147,969000,2.4621,966000,0.1057,965000,8.126,963000,57.0138,962000,0.8,961000,27.9419
25309073,973000,2.94,972000,273.9393,971000,1.8179,970000,12.9147,969000,3.0621,966000,0.6057,965000,11.3813,963000,52.7685,962000,0.8,961000,27.9419
25309074,972000,273.9393,971000,1.8179,970000,12.9147,969000,1.9423,968000,0.0965,966000,0.1057,965000,8.126,963000,53.2685,962000,0.8,961000,27.9419
25309075,973000,2.94,972000,273.9393,971000,1.8179,970000,12.9147,969000,1.9423,968000,0.022,966000,1.544,965000,8.126,963000,28.2785,962000,0.8
25309076,973000,2.94,972000,273.9393,971000,1.6293,970000,13.1033,969000,11.9423,968000,0.022,966000,32.5765,963000,28.2785,962000,0.8,961000,15.9419
25309077,975000,24.8104,973000,2.94,972000,273.9393,971000,1.6293,970000,13.1442,968000,1.6076,965000,0.8,963000,28.2785,961000,15.9419,960000,212.5023
25309078,975000,24.8104,974000,2.94,972000,273.9393,971000,1.6293,970000,15.6865,968000,1.632,963000,29.0785,962000,2.94,961000,15.9419,960000,209.5623
25309079,974000,2.94,972000,274.9393,971000,0.6293,970000,15.1442,969000,2.205,968000,1.6782,967000,8.091,965000,0.9,963000,31.9127,962000,2.94
25309080,975000,28.7739,972000,274.9393,971000,0.6293,970000,14.5033,969000,0.5423,968000,1.636,965000,3.7342,964000,0.9,963000,28.1785,962000,2.94
25309081,975000,28.7739,972000,273.9393,971000,1.6293,970000,14.5033,969000,1.3858,968000,0.4662,965000,48.3751,963000,30.4567,962000,2.94,961000,15.9419
25309082,976000,33.2389,975000,28.7739,972000,274.9393,971000,0.6293,970000,14.5033,967000,7.5678,966000,6.0751,964000,21,963000,31.6967,961000,15.9419
25309083,976000,33.2389,975000,28.7739,972000,301.9393,971000,0.6293,970000,13.3033,967000,9.1554,965000,1.7,963000,31.6967,961000,15.9419,960000,209.5623
25309084,976000,33.2389,975000,27.7504,972000,274.9393,971000,0.6293,970000,23.3033,967000,9.1554,964000,0.8,963000,36.2534,961000,15.9419,960000,209.5623
25309085,976000,33.2389,975000,27.7504,972000,274.9393,971000,0.6293,970000,22.5385,967000,0.1027,964000,7.5647,963000,35.3534,961000,15.9419,960000,209.5623
25309086,976000,36.1789,975000,25.8339,972000,273.9393,971000,1.6293,970000,22.3499,967000,0.1027,964000,12.3561,963000,33.3967,961000,15.9419,960000,209.5623
25309087,976000,36.1789,975000,25.8339,972000,274.1279,971000,1.6293,970000,22.3499,967000,0.1027,964000,4.3751,963000,33.3967,961000,15.9419,960000,209.5623
25309088,972000,274.1279,971000,1.6293,970000,22.0499,969000,0.2,968000,0.3848,964000,35.5341,963000,32.4967,962000,5.9,961000,15.9419,960000,209.5623
25309089,972000,274.1279,971000,1.6293,970000,12.3447,969000,0.2,968000,0.3848,964000,8.0041,963000,36.0718,962000,6.7,961000,15.9419,960000,209.5623
25309090,972000,274.1279,971000,1.6293,970000,12.3447,969000,0.2,968000,0.3848,964000,8.5881,963000,57.6767,962000,6.7,961000,15.9419,960000,209.5623
25309091,975000,25.8339,972000,289.3479,971000,0.6293,970000,12.3447,969000,0.3,965000,37.2007,963000,32.5967,962000,5.8,961000,15.9419,960000,209.5623
25309092,974000,1.0235,972000,275.1279,971000,0.6293,970000,12.3447,969000,0.3,965000,0.9,964000,23,963000,34.0318,962000,13.9449,961000,15.9419
25309093,974000,1.0235,972000,303.1179,971000,0.6293,970000,12.3447,969000,0.3,965000,8.3751,964000,31.289,963000,28.7567,962000,15.8104,961000,15.9419
25309094,975000,28.7739,972000,274.1279,971000,1.6293,970000,12.3447,969000,0.5895,965000,8.3751,964000,23,963000,29.6567,962000,7.94,961000,16.7419
25309095,975000,28.7739,972000,298.1279,971000,0.6293,970000,12.3447,969000,0.5895,965000,31.6708,963000,30.4567,962000,7.94,961000,15.9419,960000,209.5623
25309096,976000,33.2389,975000,28.7739,972000,302.1179,971000,23.6293,970000,9.1076,965000,5.7203,963000,28.7567,962000,9.64,961000,15.9419,960000,209.5623
25309098,976000,33.2389,975000,27.7504,972000,274.1279,971000,0.6293,970000,51.5133,965000,10.045,963000,28.7567,962000,7.94,961000,17.6419,960000,209.5623
25309098,976000,33.2389,975000,28.7739,972000,296.1179,971000,0.6293,970000,33.1076,966000,0.1029,965000,10.1762,963000,37.2332,962000,7.94,961000,17.6419
25309100,976000,33.2389,975000,28.7739,972000,274.1279,971000,1.6293,970000,32.1076,966000,0.1029,965000,8.671,963000,57.8728,962000,7.94,961000,17.6419
25309100,976000,33.2389,975000,28.7739,972000,274.1279,971000,0.6293,970000,51.0876,966000,0.1029,965000,8.671,963000,28.7567,962000,8.74,961000,16.8419
25309102,976000,33.2389,975000,28.7739,972000,274.1279,971000,1.6293,970000,9.1076,966000,4.478,965000,4.2959,963000,28.7567,962000,9.64,961000,15.9419
25309103,976000,33.2389,975000,28.7739,972000,274.1279,971000,1.6293,970000,47.322,965000,5.7297,963000,28.7567,962000,9.64,961000,15.9419,960000,209.5623
25309104,975000,28.7739,972000,274.1279,971000,0.6293,970000,6.5233,968000,1.8387,965000,4.2959,963000,28.7567,962000,9.64,961000,15.9419,960000,209.5623
25309105,975000,29.7739,972000,274.1279,971000,1.6293,970000,49.8233,969000,1.8387,965000,8.671,963000,28.7567,962000,9.64,961000,15.9419,960000,221.5623
25309106,976000,33.2389,975000,29.7739,972000,296.1179,971000,0.6293,970000,7.5233,967000,9.0738,965000,8.671,964000,23,963000,28.7567,962000,9.64
25309107,976000,33.2389,975000,29.7739,972000,274.1279,971000,22.6193,970000,4.587,967000,4.5047,965000,39.717,963000,28.7567,962000,9.64,961000,15.9419
25309108,976000,33.2389,975000,29.6406,972000,274.1279,971000,1.6293,970000,5.3256,967000,3.6475,965000,8.671,963000,29.7614,962000,9.64,961000,16.2365
25309109,975000,25.8104,974000,11.8902,972000,275.1279,971000,29.6093,970000,6.3631,965000,8.671,963000,71.6413,962000,9.64,961000,16.2365,960000,209.5623
25309110,975000,25.8104,974000,3.8302,972000,308.1179,971000,0.6293,970000,5.3256,965000,4.2959,964000,13.262,963000,37.6589,962000,5,961000,16.2365
25309111,974000,3.8302,972000,274.1279,971000,0.6293,970000,15.587,968000,1.0375,965000,8.671,964000,37.2633,963000,28.7567,962000,5,961000,19.4712
25309112,975000,25.8104,974000,14.8302,972000,299.1279,971000,0.6293,970000,4.587,965000,31.671,964000,2.0025,963000,30.4567,962000,5,961000,19.4705
25309113,975000,25.8104,974000,13.94,972000,299.1279,971000,0.6293,970000,4.587,965000,43.0842,964000,2.0025,963000,30.4567,962000,5,961000,19.4705
25309114,975000,25.8104,974000,13.94,972000,276.1279,971000,0.6293,970000,22.897,965000,18.671,964000,2.0029,963000,37.0434,962000,6.9938,961000,19.1765
25309115,975000,25.8104,974000,14.8302,972000,276.1279,971000,0.6293,970000,4.587,966000,5.8878,965000,32.2959,964000,1.0013,963000,37.8523,962000,6.7
25309116,975000,25.8104,974000,14.8302,972000,276.1279,971000,0.6293,970000,4.587,966000,1.3936,965000,40.0079,964000,1.0013,963000,38.7523,962000,5.8
25309117,975000,26.7006,974000,13.94,972000,299.1079,971000,0.6293,970000,22.897,965000,44.383,964000,2.0033,963000,37.7502,962000,6.0875,961000,16.2365
25309118,975000,26.7006,974000,11,972000,279.0679,971000,18.9393,970000,4.587,965000,44.974,964000,2.0026,963000,38.3288,962000,6.0875,961000,19.1765
25309119,975000,25.8104,974000,11.8902,972000,278.0679,971000,18.9393,970000,4.587,965000,13.671,963000,37.4288,962000,6.9899,961000,16.2365,960000,212.5023
25309120,976000,139.2389,975000,25.8104,972000,288.0679,971000,18.9393,970000,4.587,965000,19.571,963000,28.7567,962000,6.7,961000,15.9419,960000,212.5023
25309121,976000,139.2389,975000,37.7006,972000,277.0679,971000,1.6293,970000,46.897,965000,19.571,963000,29.7592,962000,6.6,961000,16.2319,960000,212.5023
25309122,975000,37.7006,972000,277.0679,971000,1.6293,970000,28.587,969000,18.6769,965000,19.2041,963000,29.7592,962000,6.7,961000,16.2564,960000,212.5023
25309123,976000,139.2389,975000,37.7006,972000,278.0679,971000,0.6293,970000,53.1964,965000,13.3041,963000,52.7587,962000,5,961000,16.2511,960000,212.5023
25309124,976000,139.2389,975000,37.7006,972000,278.0679,971000,0.6293,970000,5.6331,965000,13.3041,963000,52.7585,962000,5,961000,16.2506,960000,212.5023
25309125,976000,22.2389,975000,37.7006,972000,277.0679,971000,0.6293,970000,55.9413,965000,14.5544,963000,28.7567,962000,5,961000,15.9419,960000,213.7109
25309126,975000,37.7006,972000,274.1279,971000,3.5693,970000,4.587,969000,48.3542,965000,7.3247,963000,37.9836,962000,5,961000,15.9419,960000,210.7658
25309127,975000,26.7006,972000,285.1279,971000,4.5693,970000,4.587,969000,48.3542,965000,7.3247,963000,37.9837,962000,5,961000,16.8419,960000,209.8148
25309128,972000,286.0181,971000,3.5693,970000,37.952,969000,12.6,968000,0.6792,965000,5.3661,963000,28.7567,962000,6.0029,961000,15.9419,960000,210.5138
25309129,972000,286.0181,971000,3.5693,970000,33.577,969000,12.6,968000,4.375,965000,5.3661,963000,28.7567,962000,5,961000,15.9419,960000,210.5026
25309130,975000,25.8104,972000,285.1279,971000,3.5693,970000,8.962,969000,12.6,965000,8.6562,963000,28.7567,962000,5,961000,15.9419,960000,211.2623
25309131,975000,26.7006,972000,285.1279,971000,29.5693,970000,26.577,969000,17.4777,965000,4.2731,963000,29.7587,962000,5,961000,15.9419,960000,209.7808
25309132,975000,25.8104,972000,286.0181,971000,28.5693,970000,5.587,969000,17.4777,965000,3.7643,963000,28.7567,962000,6.0029,961000,15.9419,960000,210.8322
25309133,972000,275.9083,971000,39.5693,970000,5.587,969000,12.6,968000,6.0477,963000,27.8214,962000,5,961000,16.9456,960000,210.5803,959000,16.5613
25309134,972000,286.9083,971000,3.5693,970000,29.4489,969000,12.6,968000,6.0477,963000,27.8214,962000,5,961000,16.9461,960000,209.5623,959000,17.5829
25309135,972000,275.0181,971000,3.5693,970000,4.587,969000,30.375,968000,1.6727,963000,27.6296,962000,5,961000,16.9443,960000,209.5623,959000,17.5829
25309136,971000,3.5693,970000,4.587,969000,37,968000,23.887,967000,10.6626,963000,27.6296,962000,5,961000,16.9443,960000,209.5623,959000,15.883
25309137,971000,15.4595,970000,4.587,969000,26,968000,8.132,967000,4.6149,963000,19.3496,962000,28,961000,16.9441,960000,209.5623,959000,16.2831
25309138,971000,4.4595,970000,4.587,969000,26,968000,8.132,967000,4.6149,963000,11.0256,962000,28,961000,17.5441,960000,209.5623,959000,16.2831
25309139,971000,3.5693,970000,4.587,969000,50.99,968000,8.132,967000,0.0001,963000,14.0256,962000,28.025,961000,16.9469,960000,209.5623,959000,16.135
25309140,971000,0.6293,970000,15.587,969000,28.94,968000,3.757,967000,16.7841,963000,11.1278,962000,28.025,961000,16.9469,960000,209.5623,959000,17.835
25309141,971000,1.5195,970000,15.587,969000,28.94,968000,8.0298,967000,7.966,963000,8.7279,962000,28.025,961000,17.9008,960000,209.5623,959000,17.553
25309142,975000,25.8104,972000,275.0181,971000,1.5195,970000,7.527,969000,47.0744,963000,39.3918,962000,7.965,961000,17.9008,960000,209.5623,959000,17.553
25309143,972000,392.0181,971000,0.6293,970000,7.527,969000,24.3152,968000,1.025,963000,39.3918,962000,8.9668,961000,24.2906,960000,209.5623,959000,17.5662
25309144,972000,392.0181,971000,0.6293,970000,7.527,969000,35.3152,968000,1.025,963000,39.3918,962000,6.0268,961000,28.7745,960000,209.5623,959000,17.5662
25309145,972000,392.7749,971000,0.6293,970000,7.527,969000,36.3152,968000,22.379,963000,22.8778,962000,5.025,961000,20.816,960000,209.5623,959000,17.548
25309146,972000,392.7749,971000,0.6293,970000,7.527,969000,36.3152,968000,5.3533,963000,13.9194,962000,12.845,961000,17.876,960000,212.5023,959000,17.548
25309147,972000,392.7749,971000,0.6293,970000,7.527,969000,36.3152,968000,18.3134,963000,13.9444,962000,12.841,961000,17.6919,960000,214.2023,959000,15.8111
25309148,971000,0.6293,970000,4.587,969000,36.3152,968000,2.94,967000,11.3424,963000,13.0331,962000,12.841,961000,17.6919,960000,214.2023,959000,15.8111
25309149,972000,392.7749,971000,0.6293,970000,4.587,969000,36.3152,968000,20.0602,963000,8.3882,962000,5,961000,34.8299,960000,214.2023,959000,15.8111
25309150,972000,392.0181,971000,0.6293,970000,4.587,969000,37.3152,968000,18.1324,963000,10.0788,962000,5,961000,16.9438,960000,214.0023,959000,15.6613
25309151,971000,0.6293,970000,4.587,969000,37.3152,968000,14.463,967000,5.4033,963000,8.3882,962000,5,961000,24.9358,960000,212.5023,959000,17.3613
25309152,972000,392.7749,971000,0.6293,970000,4.587,969000,37.3152,968000,32.7064,963000,23.025,962000,5,961000,26.7708,960000,212.5023,959000,17.5355
25309153,972000,392.7749,971000,0.6293,970000,4.587,969000,37.3152,968000,31.289,963000,23.025,962000,5,961000,25.8057,960000,220.2389,959000,17.5355
25309154,972000,275.7749,971000,0.6293,970000,15.587,969000,26.3152,968000,6.834,963000,23.506,962000,5,961000,25.8683,960000,213.4023,959000,16.6607
25309155,972000,275.7749,971000,0.6293,970000,15.587,969000,26.3152,968000,6.834,963000,25.2138,962000,5,961000,17.9395,960000,213.3023,959000,16.7607
25309156,972000,275.7749,971000,0.6293,970000,15.587,969000,26.3152,968000,15.9949,963000,23.506,962000,5,961000,17.9093,960000,213.4956,959000,16.5613
25309157,975000,25.8104,972000,274.8847,971000,0.6293,970000,15.587,969000,32.3111,963000,25.1625,962000,5,961000,16.9074,960000,213.4956,959000,16.5613
25309159,972000,274.1279,971000,0.6293,970000,15.587,969000,28.3711,968000,6.2622,963000,32.8575,962000,5,961000,16.7419,960000,210.3623,959000,15.6613
25309159,971000,0.6293,970000,4.587,969000,25.3152,968000,10.8206,967000,3.1019,964000,0.481,963000,30.743,962000,6.7,961000,16.9078,960000,209.5623
25309161,971000,0.6293,970000,4.587,969000,25.3152,967000,11.2178,964000,16.9647,963000,23.1326,962000,5,961000,16.9378,960000,210.3623,959000,15.8547
25309162,972000,286.6415,971000,0.6293,970000,5.3438,969000,25.3152,967000,7.7681,963000,2.125,962000,12.738,961000,17.9014,960000,210.4623,959000,15.8542
25309163,972000,275.6415,971000,0.6293,970000,5.3438,969000,25.3152,967000,7.7681,963000,2.125,962000,12.738,961000,17.9014,960000,211.2623,959000,15.8542
25309164,972000,285.8847,971000,0.6293,970000,28.3438,969000,1,967000,9.1306,963000,2.1478,962000,28,961000,16.938,960000,211.2623,959000,15.8421
25309165,972000,274.8847,971000,0.6293,970000,39.3438,969000,11,967000,9.1306,963000,1.9405,962000,28,961000,16.938,960000,211.2623,959000,15.8866
25309166,972000,275.6415,971000,0.6293,970000,16.587,969000,37.99,967000,9.1306,963000,23.1478,962000,14.1936,961000,15.9719,960000,211.2623,959000,15.8866
25309167,972000,274.1279,971000,0.6293,970000,15.587,969000,40.838,967000,7.315,963000,24.8829,962000,5,961000,15.9719,960000,209.5623,959000,17.4058
25309168,972000,274.8847,971000,0.6293,970000,15.587,969000,40.28,967000,3.8738,963000,28.191,962000,5,961000,16.8778,960000,216.7241,959000,17.5872
25309169,972000,274.1279,971000,0.6293,970000,16.587,969000,38.98,967000,3.8738,963000,28.2692,962000,5.9047,961000,15.9719,960000,216.7241,959000,17.4058
25309170,972000,285.8847,971000,0.6293,970000,5.587,969000,48.2918,967000,2.94,963000,23.9928,962000,5,961000,15.9719,960000,216.5162,959000,17.4058
25309171,971000,0.6293,970000,5.587,969000,18.378,968000,3.8738,967000,0.1357,963000,32.7452,962000,5,961000,15.9719,960000,212.6836,959000,17.4058
25309172,972000,274.8847,971000,0.6293,970000,15.9022,969000,10,968000,3.0431,963000,31.975,962000,5,961000,15.9719,960000,212.6836,959000,17.4058
25309173,972000,285.8847,971000,0.6293,970000,16.9022,969000,27.7984,968000,3.0431,963000,30.875,962000,5.9108,961000,15.9719,960000,212.6848,959000,17.4058
25309174,975000,26.5672,972000,285.1279,971000,1.6293,970000,23.0506,969000,48.3578,963000,6.1888,962000,5,961000,15.9719,960000,213.4847,959000,16.6058
25309175,975000,37.5672,972000,274.1279,971000,1.6293,970000,15.9022,969000,14.0778,961000,44.1813,960000,214.0847,959000,15.7058,958000,16.5472,957000,28.8895
25309176,972000,274.1279,971000,1.5075,970000,14.9022,969000,34.94,968000,4.1347,962000,22.3911,961000,14.2999,960000,210.3623,959000,15.7058,958000,16.7147
25309177,975000,36.8104,972000,275.0061,971000,0.6293,970000,41.8422,969000,13.6067,967000,0.1,962000,22.3911,961000,25.4788,960000,210.3623,959000,27.8731
25309178,975000,36.8104,972000,275.0061,971000,0.6293,970000,41.8422,969000,13.6067,962000,17.113,961000,25.2762,960000,210.3623,959000,27.8761,958000,16.5472
25309179,975000,36.8104,972000,275.0061,971000,0.6293,970000,18.8422,969000,17.9817,962000,25.341,961000,17.1691,960000,210.3623,959000,27.7058,958000,16.5472
25309180,972000,275.0061,971000,0.6293,970000,17.8422,969000,10,968000,7.9817,963000,44.99,962000,0.3058,961000,17.1055,960000,210.5028,959000,27.7058
25309181,975000,36.8104,972000,275.0061,971000,0.6293,970000,18.8422,969000,17.9817,963000,23,962000,0.1,961000,17.8912,960000,210.0999,959000,27.7058
25309182,975000,37.6886,972000,274.1279,971000,3.5693,970000,16.9022,969000,17.9817,964000,30.993,963000,1.7,962000,0.31,961000,14.2887,960000,209.5623
25309183,975000,37.6886,972000,274.1279,971000,3.5693,970000,16.9022,969000,17.9818,965000,23.0999,962000,4.85,961000,14.2887,960000,208.8104,959000,15.7058
25309184,975000,37.6886,972000,274.1279,971000,3.5693,970000,24.0506,969000,17.9818,965000,23.1002,962000,2.597,961000,16.679,960000,208.8104,959000,27.7058
25309185,975000,37.6886,972000,274.1279,971000,0.6293,970000,15.9022,969000,50.5274,965000,0.1002,963000,30.804,962000,0.897,961000,18.2419,960000,208.8104
25309186,975000,36.8104,972000,274.1279,971000,0.6293,970000,14.9022,969000,17.1724,965000,0.1002,963000,31.152,962000,0.21,961000,18.104,960000,208.8104
25309187,972000,274.1279,971000,0.6293,970000,8.527,969000,36.6057,968000,7.375,963000,31.252,962000,0.21,961000,18.7984,960000,208.9493,959000,15.7058
25309188,972000,275.0061,971000,0.6293,970000,8.527,969000,17.9409,968000,6.6067,963000,31.252,962000,0.21,961000,18.104,960000,208.8104,959000,15.7058
25309189,972000,275.0061,971000,0.6293,970000,8.527,969000,17.9409,968000,10.9817,964000,0.1,963000,30.776,962000,0.21,961000,18.104,960000,208.8104
25309190,972000,275.0061,971000,0.6293,970000,7.527,969000,18.9409,968000,6.6067,964000,0.1,963000,30.776,962000,0.01,961000,18.104,960000,208.95
25309191,972000,275.0061,971000,0.6293,970000,7.527,969000,18.9409,968000,6.6067,964000,23.1001,963000,7.776,962000,0.01,961000,15.8614,960000,211.89
25309192,972000,275.0061,971000,0.6293,970000,7.527,969000,18.9409,968000,10.9817,964000,23.1,963000,7.776,962000,0.01,961000,15.8614,960000,211.8899
25309193,972000,275.0061,971000,0.6293,970000,7.527,969000,18.9409,968000,10.9817,964000,23.1,963000,7.776,962000,0.01,961000,15.8614,960000,211.8899
25309194,972000,275.0061,971000,0.6293,970000,7.527,969000,18.9409,968000,11.9641,964000,23.1,963000,8.0814,962000,0.01,961000,14.9676,960000,208.8104
25309195,972000,275.0061,971000,0.6293,970000,7.527,969000,18.9409,968000,11.9641,964000,0.1,963000,30.776,962000,0.01,961000,18.8266,960000,208.9518
25309196,972000,275.0061,971000,0.6293,970000,7.527,969000,18.9409,968000,11.9641,964000,0.1,963000,30.776,962000,0.01,961000,18.8266,960000,208.9518
25309197,972000,275.0061,971000,0.6293,970000,7.527,969000,18.9409,968000,11.9641,964000,0.1,963000,31.0815,962000,0.01,961000,18.7843,960000,208.9466
25309198,972000,275.0061,971000,0.6293,970000,7.527,969000,18.9409,968000,41.9436,965000,0.1002,963000,8.102,962000,0.01,961000,18.7977,960000,208.9492
25309199,972000,275.0061,971000,0.6293,970000,7.527,969000,18.9409,968000,11.9436,965000,0.1002,963000,0.326,962000,0.01,961000,17.8977,960000,208.9492
25309200,972000,274.1279,971000,1.5075,970000,7.527,969000,18.9409,968000,11.9436,965000,0.1002,963000,0.0205,962000,0.01,961000,19.1081,960000,208.8104
25309201,972000,274.1279,971000,1.5075,970000,7.527,969000,18.9409,968000,10.6618,965000,0.4052,963000,32.3933,962000,0.01,961000,19.1081,960000,208.8104
25309202,972000,274.1279,971000,1.5075,970000,7.527,969000,18.9409,968000,14.4655,965000,0.1,962000,2.0187,961000,19.1086,960000,208.8104,959000,15.7058
25309203,972000,274.1279,971000,1.5075,970000,7.527,969000,18.9409,968000,17.8102,965000,0.1,962000,2.1306,961000,19.0086,960000,208.8104,959000,15.7058
25309204,972000,274.1279,971000,1.5075,970000,7.527,969000,19.9409,968000,14.4655,965000,0.1,963000,1.0403,962000,23.01,961000,18.0088,960000,208.8104
25309205,972000,274.1279,971000,1.5075,970000,3.99,969000,18.9409,968000,7.3271,965000,0.1,963000,33.0239,962000,0.01,961000,18.6088,960000,208.8104
25309206,972000,275.0061,971000,7.5093,970000,1.05,969000,17.9409,968000,7.0631,963000,33.9368,962000,5.89,961000,16.864,960000,209.1247,959000,15.7058
25309207,971000,3.5693,970000,1.05,969000,17.9409,968000,10.3978,966000,0.1001,963000,13.8741,962000,0.01,961000,37.864,960000,209.1368,959000,15.7058
25309208,971000,3.5693,970000,1.05,969000,17.9409,968000,10.3978,966000,0.1001,965000,0.0245,964000,1.0403,963000,9.8938,962000,23.95,961000,16.864
25309209,971000,3.5693,970000,2.05,969000,17.9409,968000,7.3171,966000,2.6879,965000,0.0245,963000,4.0732,962000,3.9517,961000,17.164,960000,208.8104
25309210,972000,276.0061,971000,0.6293,970000,1.05,969000,17.9409,968000,6.1023,964000,32.3283,963000,2.0012,962000,2.95,961000,17.164,960000,209.1368
25309211,972000,276.0061,971000,0.6293,970000,3.99,969000,17.9409,968000,3.9824,964000,47.432,963000,2.0012,962000,2.95,961000,17.164,960000,209.1368
25309212,972000,274.1279,971000,0.6293,970000,3.99,969000,20.0608,968000,3.9824,965000,9.3912,964000,23,963000,1,962000,2.95,961000,17.164
25309213,972000,275.1279,971000,0.6293,970000,3.99,969000,20.0608,968000,3.9824,964000,33.1961,963000,2.0009,962000,2.95,961000,17.4568,960000,208.8104
25309214,972000,275.1279,971000,0.6293,970000,3.99,969000,17.9409,968000,8.9471,964000,54.4431,963000,2.0009,962000,2.95,961000,17.4568,960000,208.8104
25309215,975000,37.6886,972000,275.1279,971000,0.6293,970000,2.05,969000,16.886,965000,2.0949,964000,53.948,963000,1.8,962000,6.9697,961000,16.4673
25309217,974000,2.94,972000,275.1279,971000,0.6293,970000,2.05,969000,1.2642,966000,2.1298,965000,25.94,963000,2.7,962000,6.9697,961000,16.4673
25309218,979000,27.6205,978000,14.3768,976000,22.2389,975000,29.6286,972000,305.9109,968000,0.1005,966000,9.3952,963000,10.6441,962000,0.01,961000,27.7574
25309218,979000,27.6205,978000,14.3768,976000,22.2389,975000,26.6886,972000,298.8619,968000,5.0768,966000,23,965000,7.6749,963000,2.0038,962000,0.01
25309219,979000,27.6205,978000,14.3768,976000,22.2389,975000,26.6886,972000,298.882,968000,3.0405,966000,23,964000,2.7046,963000,1,962000,0.3205
25309220,978000,3.3768,976000,36.1789,975000,26.6886,972000,283.1972,971000,30.049,968000,0.1005,966000,7.315,964000,1.0046,963000,2.7,962000,0.3205
25309222,979000,27.6205,978000,14.3768,976000,25.1789,975000,26.6886,972000,304.1972,968000,0.1005,966000,7.315,963000,2.7,962000,0.01,961000,27.464
25309223,979000,29.1205,978000,3.3768,976000,33.2389,975000,26.3886,972000,318.5407,968000,5.2069,963000,8.0807,962000,0.01,961000,27.7965,960000,208.8104
25309224,979000,29.1205,978000,3.3768,976000,33.2389,975000,26.3886,972000,318.5407,969000,22.0667,968000,25.94,966000,1.7,963000,2.0057,962000,0.01
25309225,977000,2.94,976000,33.2389,975000,26.3886,972000,295.5407,971000,12.0557,968000,0.8612,964000,6.075,963000,1,962000,1.0173,961000,15.7903
25309226,978000,3.3768,976000,33.2389,975000,26.3886,972000,299.0777,971000,5.226,968000,0.8612,967000,7.702,964000,6.075,963000,1,962000,1.0173
25309227,977000,2.94,976000,33.2389,975000,26.3886,972000,300.0777,971000,33.265,968000,0.8612,965000,35.235,963000,3.7044,962000,0.3318,961000,15.464
25309228,976000,33.2389,975000,26.3886,972000,296.5407,971000,26.0169,970000,3.7361,968000,0.8612,965000,35.235,963000,3.7044,962000,0.3318,961000,15.464
25309229,976000,25.1789,975000,26.3886,972000,296.5407,971000,11.0759,970000,3.7559,967000,2.94,966000,27.375,965000,7.936,963000,4.7088,962000,0.01
25309230,976000,33.2389,975000,26.3886,972000,282.2172,971000,0.0202,970000,47.5159,966000,123,965000,8.38,963000,6.6474,962000,0.01,961000,15.7452
25309231,976000,33.2389,975000,29.3286,972000,282.2172,971000,0.0202,970000,45.0794,966000,124.9386,964000,1.9024,963000,5.7444,962000,0.2897,961000,15.464
25309232,976000,33.2389,975000,30.2068,972000,282.2172,971000,0.0202,970000,47.148,966000,123,965000,8.404,963000,6.6444,962000,0.01,961000,15.464
25309233,976000,33.2389,975000,29.3286,972000,282.2172,971000,0.0202,970000,20.148,966000,25.0166,964000,1.0026,963000,5.64,962000,0.01,961000,15.464
25309234,976000,22.2389,975000,29.3286,972000,282.2172,971000,7.0692,970000,30.348,967000,2.0228,966000,78.9,964000,1.8026,963000,4.84,962000,0.01
25309235,976000,22.2389,975000,26.3886,972000,282.2172,971000,7.0692,970000,22.1477,966000,52.1329,965000,2.4183,963000,3.7029,962000,15.229,961000,65.464
25309236,975000,26.3886,974000,2.94,972000,282.2172,971000,9.3369,970000,19.88,966000,59.0074,965000,0.3109,963000,3.7031,962000,15.2291,961000,65.464
25309237,976000,22.2389,975000,26.3886,972000,281.2172,971000,7.0692,970000,19.9196,967000,2.1074,966000,56.94,965000,0.3109,963000,2.7,962000,3.5082
25309238,975000,26.3986,974000,2.94,972000,282.2172,971000,7.0692,970000,22.1873,967000,4.2156,966000,52.04,965000,0.3109,963000,3.7034,962000,3.5081
25309239,975000,26.3986,974000,2.94,972000,282.2172,971000,7.0692,970000,19.9196,967000,54.1762,966000,52.04,965000,0.3109,963000,3.7034,962000,3.5181
25309240,975000,26.3986,974000,6.94,972000,282.2272,971000,7.0692,970000,42.9392,967000,50,966000,51.2077,965000,0.3109,963000,3.7038,962000,15.7824
25309241,975000,29.3386,974000,4,972000,282.0386,971000,7.0692,970000,43.1278,967000,55.2887,966000,51.2077,965000,0.3109,963000,3.7034,962000,4.0823
25309242,975000,29.3386,974000,4,972000,282.0386,971000,7.0692,970000,43.1278,967000,55.5239,966000,51.2077,965000,0.3109,964000,0.9,963000,1.8
25309243,975000,29.3386,974000,4,972000,282.0386,971000,7.0692,970000,43.1475,967000,61.5406,966000,51.2077,965000,0.3109,964000,1.9033,963000,1.8
25309244,975000,29.3386,974000,4,972000,282.0386,971000,7.0692,970000,43.1475,968000,3.3978,967000,55.9,966000,51.2077,965000,0.3109,964000,2.7034
25309245,975000,29.3386,974000,4,972000,282.0386,971000,7.0692,970000,44.7253,968000,3.3978,967000,56.1944,966000,51.2077,965000,0.3109,964000,2.7036
25309246,975000,29.3386,974000,4,972000,281.0386,971000,7.0692,970000,46.7493,968000,2.3401,967000,56.1944,966000,51.2077,965000,0.3109,964000,3.7077
25309247,975000,26.3986,974000,6.94,972000,282.0386,971000,7.0692,970000,20.5765,967000,58.3018,966000,51.2077,965000,0.3109,964000,3.7077,963000,1
25309248,975000,26.3986,974000,6.94,972000,282.3295,971000,7.0692,970000,19.5566,967000,60.9059,966000,51.2077,965000,0.6127,964000,3.7069,963000,1
25309249,975000,29.3386,974000,4,972000,282.3295,971000,7.0692,970000,22.1607,967000,58.1944,966000,51.2077,965000,0.6127,964000,2.7033,963000,1
25309250,975000,26.3986,974000,4,972000,282.3295,971000,7.0692,970000,22.1798,967000,38.7328,966000,51.2077,965000,0.6127,964000,2.7035,963000,1
25309251,975000,29.3386,974000,4,972000,282.3295,971000,7.0692,970000,22.1798,967000,38.7328,966000,52.2341,965000,0.6127,964000,2.7035,963000,3.94
25309252,975000,29.3386,974000,4,972000,282.3295,971000,7.0692,970000,22.1986,967000,52.6887,966000,52.2341,965000,0.6127,964000,2.703,963000,3.94
25309253,975000,29.3386,974000,4,972000,281.3295,971000,7.0692,970000,24.6805,967000,56.7328,966000,52.2341,965000,0.6127,964000,2.703,963000,3.94
25309254,974000,4,972000,282.3295,971000,7.0692,970000,24.6991,968000,3.9158,967000,51.7328,966000,52.2341,965000,0.6127,964000,2.7035,963000,3.94
25309255,975000,29.3386,974000,4,972000,282.3295,971000,7.0692,970000,23.6972,968000,5.4162,967000,51.7328,966000,52.2341,965000,0.6127,964000,3.707
25309256,974000,4,973000,1,972000,282.3295,971000,7.0692,970000,26.1091,968000,15.7108,967000,38.7328,966000,52.2341,965000,0.6127,964000,3.7076
25309257,973000,1,972000,282.3295,971000,7.0692,970000,24.7838,969000,5.9438,968000,15.4366,967000,38.7328,966000,55.2341,965000,0.6127,964000,3.7075
25309258,973000,1,972000,282.3295,971000,0.0202,970000,24.7838,969000,2.2445,968000,12.172,967000,38.7328,966000,52.2341,965000,0.6127,964000,2.704
25309259,974000,4,973000,1,972000,282.3295,971000,0.0202,970000,24.7838,968000,12.172,967000,38.7328,966000,52.2341,965000,0.6127,964000,2.7041
25309260,973000,1,972000,282.3295,971000,0.0202,970000,19.5755,969000,5.4081,968000,4.419,967000,38.7328,966000,52.2341,965000,0.6127,964000,2.7042
25309261,974000,15,973000,1,972000,282.3295,971000,0.0202,970000,24.1805,968000,2.841,967000,38.7328,966000,52.2341,965000,0.6127,963000,6.6441
25309262,974000,15,973000,1,972000,282.3295,971000,0.0202,970000,22.1165,968000,6.5974,967000,38.7328,966000,52.2341,965000,0.6127,963000,10.0284
25309263,974000,15,973000,1,972000,282.3295,971000,0.0202,970000,21.1549,968000,2.841,967000,38.7328,966000,52.2341,965000,0.6127,964000,0.8
25309264,974000,6.94,973000,1,972000,293.0386,971000,0.0202,970000,20.9688,968000,1.4413,967000,38.7328,966000,52.2341,965000,0.6127,964000,1.7
25309265,974000,6.94,973000,1,972000,293.0386,971000,0.0202,970000,21.2597,968000,1.9742,967000,38.7328,966000,52.2341,965000,1.5531,963000,6.7966
25309266,974000,6.94,973000,1,972000,293.0386,971000,0.0202,970000,21.8072,968000,1.5402,967000,38.7328,966000,52.2341,965000,1.5531,963000,3.7045
25309267,974000,6.94,973000,1,972000,293.0386,971000,4.3953,970000,12.8111,968000,4.1559,967000,46.9938,966000,52.2341,965000,2.4531,963000,3.2611
25309268,974000,6.94,973000,1,972000,294.0386,971000,0.0202,970000,13.3632,968000,3.7257,967000,69.9938,966000,2.2341,965000,4.2531,963000,4.6717
25309269,974000,6.94,973000,1,972000,283.0386,971000,0.0202,970000,12.5153,969000,4.6769,968000,1.1718,967000,46.4998,966000,2.2341,965000,4.2531
25309270,974000,6.94,973000,1,972000,283.0386,971000,0.0202,970000,4.6183,969000,6.8706,968000,6.1718,967000,5.2944,966000,3.0341,965000,3.4531
25309271,976000,22.2489,975000,38.5219,974000,6.94,973000,1,972000,290.2971,969000,2.7495,968000,6.1718,967000,10.2944,966000,2.2341,965000,10.655
25309272,974000,6.94,973000,1,972000,280.9985,971000,9.3427,970000,4.7691,967000,2.7371,966000,7.2341,965000,1.6127,963000,2.7,962000,0.1545
25309273,974000,17.94,973000,1,972000,281.9985,971000,7.7286,970000,0.394,967000,5.4292,966000,7.2341,965000,1.6127,964000,24.99,963000,3.7035
25309274,974000,4,973000,1,972000,281.9985,971000,24.0598,970000,14.1118,967000,9.9774,966000,7.2341,965000,26.6027,963000,3.7034,962000,0.3789
25309275,975000,25.1986,974000,4,973000,3.94,972000,280.9985,971000,7.7286,967000,12.5109,966000,7.2341,965000,25.6127,963000,4.7069,962000,0.3797
25309277,975000,25.1986,974000,4,973000,3.94,972000,280.9985,971000,4.8535,967000,12.6086,966000,7.2341,965000,24.5927,964000,6.7636,963000,4.7069
25309278,975000,25.1986,974000,4,973000,3.94,972000,281.9985,971000,32.248,967000,17.3483,966000,7.2341,965000,1.6127,964000,7.5734,963000,4.7069
25309278,975000,25.1986,974000,4,973000,1,972000,281.9985,971000,32.4409,967000,17.5599,966000,7.2341,965000,1.6127,964000,1.0034,963000,4.7069
25309279,974000,15.8782,973000,1,972000,283.9385,971000,26.7027,970000,2.3631,967000,13.6894,966000,7.2341,965000,1.6127,963000,5.7113,962000,0.6161
25309280,975000,24.3204,974000,15.8782,973000,1,972000,283.9385,971000,56.4409,967000,8.9227,966000,7.2341,965000,25.6127,963000,5.7113,962000,0.6161
25309282,975000,25.1986,974000,15.8782,973000,1,972000,283.9385,971000,56.4409,967000,8.9227,966000,7.2341,965000,1.6127,963000,4.7069,962000,0.6155
25309283,975000,24.3204,974000,15.8782,973000,1,972000,283.9385,971000,55.4102,967000,8.9227,966000,7.2341,965000,28.6127,963000,2.7,962000,1.159
25309284,975000,24.3204,974000,15.8782,973000,1,972000,276.6233,971000,39.7254,967000,11.3615,966000,7.2341,965000,24.5927,963000,2.7,962000,0.3897
25309285,975000,24.3204,974000,4.8782,973000,1,972000,287.6233,971000,31.2974,967000,17.2237,966000,7.2341,965000,1.6127,963000,2.7,962000,0.3897
25309286,975000,24.3204,974000,4.8782,973000,1,972000,299.0474,971000,25.9689,967000,2.5597,966000,7.2341,965000,24.6127,963000,11.0509,962000,0.3928
25309287,975000,25.1986,974000,4,973000,1,972000,274.6833,971000,71.3384,967000,0.1092,966000,7.4842,965000,1.6127,963000,10.2774,962000,0.4015
25309288,974000,4.8782,973000,1,972000,273.6833,971000,49.9689,970000,25.3335,965000,1.6673,964000,23,963000,4.7076,962000,0.4015,961000,15.7207
25309289,973000,1,972000,273.6833,971000,26.9689,970000,18.2845,967000,0.0985,965000,12.6673,964000,5,963000,18.0076,962000,0.4015,961000,17.4207
25309290,974000,4.8782,973000,1,972000,273.6833,971000,26.9689,970000,7.2845,965000,13.6673,964000,5,963000,18.0057,962000,0.4015,961000,17.4207
25309291,974000,4,973000,1,972000,285.6833,971000,25.9689,970000,11.3934,965000,13.6673,964000,5,963000,16,962000,0.1545,961000,17.4206
25309292,974000,4,973000,1,972000,284.6833,971000,25.9689,970000,14.388,963000,3.4542,962000,28.1445,961000,17.174,960000,205.5618,959000,27.3991
25309293,974000,4,973000,1,972000,285.5615,971000,25.9689,970000,15.388,963000,3.4542,962000,4.0977,961000,17.174,960000,205.5618,959000,15.3991
25309294,974000,4,973000,1,972000,285.5615,971000,25.9689,970000,34.3336,963000,4.4542,962000,4.0956,961000,17.174,960000,205.8081,959000,15.3991
25309295,973000,1,972000,285.5615,971000,25.9689,970000,34.1427,969000,4.375,963000,35.2413,962000,4.0956,961000,17.174,960000,205.8074,959000,15.3991
25309296,974000,4,973000,1,972000,274.5615,971000,25.9689,970000,40.8777,963000,40.5038,962000,1.1555,961000,17.174,960000,205.8074,959000,15.3991
25309297,973000,1.8782,972000,273.6833,971000,25.9689,970000,33.5627,969000,2.93,964000,7.0888,963000,9.5068,962000,0.1545,961000,17.174,960000,208.5018
25309298,973000,1.8782,972000,273.6833,971000,18.6537,970000,40.8779,969000,0.291,966000,4.375,965000,33.8676,964000,10,963000,9.4068,962000,0.1545
25309299,973000,1,972000,273.6833,971000,19.6537,970000,38.8769,969000,0.291,966000,7.3959,965000,47.756,964000,10,963000,11.2096,962000,0.1545
25309300,972000,273.6833,971000,6.5598,970000,31.0726,969000,1.1933,968000,10.8559,964000,14.375,963000,11.5094,962000,0.9545,961000,16.6052,960000,208.5957
25309301,973000,1.8782,972000,273.6833,971000,4.5598,970000,59.1665,969000,2.9398,965000,34.8272,964000,37.2196,963000,11.4068,962000,1.9585,961000,15.474
25309302,974000,121,973000,1,972000,273.6833,971000,4.5598,970000,49.1063,966000,7.4531,965000,31.4522,964000,16.2196,963000,12.1068,962000,0.1545
25309303,973000,1,972000,273.6833,971000,4.5598,970000,31.2357,969000,2.94,966000,6.195,965000,32.309,964000,17.2196,963000,11.1068,962000,1.1575
25309304,973000,1,972000,274.6833,971000,4.5598,970000,32.2357,969000,2.94,966000,15.3572,965000,23,964000,16.2196,963000,12.1101,962000,0.3855
25309305,973000,1,972000,286.6833,971000,4.5598,970000,20.2357,969000,2.827,967000,0.097,966000,10.6658,965000,23,964000,16.2196,963000,12.1101
25309306,973000,1,972000,285.6833,971000,4.5598,970000,21.2357,969000,2.7605,966000,13.2856,965000,22.7546,964000,16.2196,963000,12.1098,962000,5.6166
25309307,973000,1,972000,285.6833,971000,4.5598,970000,40.0357,969000,4.0599,966000,0.0636,965000,22.7546,964000,19.1018,963000,13.1104,962000,4.803
25309308,973000,1,972000,284.6833,971000,5.5598,970000,20.2357,969000,26.568,966000,0.0955,964000,9.2547,963000,30.8948,962000,4.803,961000,15.6981
25309309,971000,4.5598,970000,20.2357,969000,11.2638,967000,7.133,966000,0.0971,964000,3.4976,963000,2.0914,962000,0.1545,961000,16.4795,960000,208.5957
25309310,973000,1,972000,284.6833,971000,5.438,970000,20.2357,969000,9.3295,963000,2.0914,962000,0.1545,961000,16.4777,960000,208.5957,959000,29.3237
25309311,972000,284.6833,971000,6.3162,970000,20.2357,969000,3.567,968000,35.0718,963000,2.155,962000,0.1545,961000,16.4764,960000,210.2957,959000,27.6236
25309312,973000,1,972000,284.6833,971000,6.3162,970000,20.2357,969000,26.567,963000,11.5818,962000,0.1545,961000,15.474,960000,211.2992,959000,15.3991
25309313,973000,1,972000,285.5615,971000,4.5598,970000,20.2357,969000,33.2638,964000,3.0362,963000,5.8618,962000,23.1345,961000,15.474,960000,211.2986
25309314,973000,1,972000,274.4281,971000,4.8691,970000,20.2357,969000,33.4038,965000,5.4589,964000,8.4388,963000,24.4668,962000,0.1545,961000,17.3763
25309315,973000,1,972000,274.4281,971000,4.8691,970000,20.2357,969000,34.6652,965000,6.1687,964000,12.2318,963000,1.4868,962000,1.0545,961000,21.7106
25309316,972000,274.4281,971000,4.8691,970000,19.2357,969000,31.8368,968000,2.94,965000,3.2466,964000,8.4388,963000,29.4768,962000,1.0545,961000,21.3251
25309317,971000,4.8691,970000,19.2357,969000,11.14,968000,30.5568,966000,11.2755,965000,3.1496,964000,4.4388,963000,2.2208,962000,0.1545,961000,35.2621
25309318,971000,4.8691,970000,20.2357,969000,11.14,968000,30.5568,967000,2.94,965000,5.7083,964000,3.3316,963000,4.2188,962000,0.1545,961000,36.2655
25309319,972000,274.4281,971000,4.8691,970000,20.2357,969000,0.14,968000,44.4968,965000,5.7083,964000,0.3316,963000,32.5938,962000,0.1545,961000,36.0621
25309320,972000,274.4281,971000,4.8691,970000,20.2357,969000,0.14,968000,30.5568,965000,3.2731,964000,0.3316,963000,7.6938,962000,0.1545,961000,35.2621
25309321,972000,273.6833,971000,3.3691,970000,20.2357,969000,0.14,967000,33.6135,965000,5.3931,964000,3.3316,963000,3.3188,962000,0.1545,961000,36.2668
25309322,972000,274.4281,971000,3.3691,970000,20.2357,969000,0.14,967000,46.1135,965000,0.5931,964000,5.7316,963000,3.3188,962000,0.1545,961000,36.2657
25309323,972000,274.4281,971000,3.3691,970000,20.2357,969000,0.14,967000,46.1135,964000,5.7316,963000,3.3188,962000,0.1545,961000,36.2657,960000,205.6557
25309324,972000,273.6833,971000,4.1139,970000,20.2357,969000,1.14,967000,15.6284,964000,1.7316,963000,3.3188,962000,0.1545,961000,35.2621,960000,205.6557
25309325,972000,273.6833,971000,4.1139,970000,18.5686,969000,1.14,967000,15.6284,965000,0.06,964000,2.7316,963000,4.3188,962000,0.1545,961000,35.2621
25309326,971000,4.1139,970000,21.2357,969000,2.14,967000,15.44,966000,0.5384,965000,0.2526,964000,2.7316,963000,4.3188,962000,0.1545,961000,36.2662
25309327,971000,3.3691,970000,20.2357,969000,1.14,967000,12.6884,965000,0.0727,964000,7.7366,963000,4.3188,962000,26.1345,961000,36.2657,960000,205.6557
25309328,971000,3.3691,970000,20.2357,969000,1.14,967000,12.5,966000,6.0064,964000,10.5974,963000,4.3188,962000,22.1445,961000,36.2657,960000,205.6557
25309329,971000,3.3691,970000,20.2357,969000,24.14,967000,12.5,966000,2.4093,964000,17.1309,963000,3.3188,962000,0.1545,961000,37.9657,960000,205.8306
25309330,971000,3.3691,970000,19.2357,969000,1.14,967000,11.1651,966000,2.94,965000,0.6324,964000,31.1066,963000,3.3188,962000,0.9545,961000,32.1657
25309331,971000,3.3691,970000,19.2357,969000,1.14,967000,11.1651,966000,0.94,965000,34.2409,964000,1.7316,963000,4.3202,962000,0.9545,961000,32.1657
25309332,971000,3.3691,970000,19.2357,969000,1.14,968000,2.94,967000,13.6401,965000,28.4717,964000,24.7316,963000,4.3211,962000,0.9545,961000,32.1657
25309333,971000,3.3691,970000,19.2357,969000,1.14,968000,2.94,967000,14.4558,965000,15.3179,964000,24.7316,963000,1.3211,962000,1.8545,961000,30.2621
25309334,973000,12.7448,972000,271.8821,971000,3.3691,970000,20.2357,969000,1,965000,14.9503,964000,1.7316,963000,0.3188,962000,7.2833,961000,31.2663
25309335,972000,271.8821,971000,3.3691,970000,20.2357,969000,1,968000,2.0224,965000,33.8315,964000,6.4382,963000,0.3188,962000,1.8545,961000,34.9526
25309337,972000,272.8821,971000,4.3691,970000,19.2357,969000,1,967000,3.7447,965000,17.0668,964000,7.4419,963000,0.3188,962000,2.8576,961000,30.7211
25309337,972000,271.8821,971000,3.3691,970000,19.2357,969000,1,967000,2.8997,965000,43.4527,964000,7.4418,963000,1.2188,962000,0.9545,961000,30.4915
25309338,973000,1,972000,271.8821,971000,5.3691,970000,22.3514,968000,11.2743,967000,0.4277,965000,19.5547,964000,7.4418,963000,1.2188,962000,0.9545
25309339,973000,1,972000,272.8821,971000,5.3691,970000,19.7357,969000,2.94,965000,27.868,964000,8.0714,963000,1.1188,962000,0.1545,961000,33.4277
25309340,973000,1,972000,272.8821,971000,5.3691,970000,19.7357,969000,3.2402,965000,28.0336,964000,7.1717,963000,1.1188,962000,0.1545,961000,33.4375
25309342,973000,1,972000,272.8821,971000,7.5459,970000,19.2357,969000,1.0152,965000,39.5206,964000,6.7704,963000,1.1188,962000,0.1545,961000,33.4376
25309343,973000,1,972000,272.8821,971000,7.5459,970000,19.2357,969000,3.6506,966000,35.6358,965000,21.5629,964000,7.7719,963000,1.1188,962000,0.1545
25309344,973000,1,972000,275.8221,971000,7.5459,970000,19.2357,969000,3.1475,966000,13.6426,965000,24.5629,964000,7.1719,963000,2.0188,962000,0.1545
25309345,973000,1,972000,275.8221,971000,7.5459,970000,19.2357,969000,1,966000,10.1287,965000,24.5629,964000,7.1732,963000,2.0188,962000,0.1545
25309346,973000,1,972000,275.8221,971000,7.5459,970000,19.2357,969000,1.8969,966000,46.9368,965000,24.5629,964000,7.1729,963000,2.0188,962000,0.1545
25309347,973000,1,972000,275.8221,971000,7.5459,970000,19.2357,969000,1.5865,966000,14.6469,965000,24.5629,964000,7.0704,963000,1.1188,962000,0.3986
25309348,973000,1,972000,275.8221,971000,7.5459,970000,11.0063,969000,1.5865,966000,14.6469,965000,24.5629,964000,7.8704,963000,0.3188,962000,3.3386
25309349,973000,1,972000,275.8221,971000,7.5459,970000,11.0063,969000,3.4309,966000,18.4209,965000,25.4629,964000,7.1728,963000,1.1188,962000,3.338
25309350,974000,4,973000,1,972000,272.8821,971000,15.031,970000,9.3392,969000,4.2575,966000,12.731,965000,18.5629,964000,8.8728,963000,0.3188
25309351,974000,4.7448,973000,1,972000,275.8221,971000,15.031,970000,9.3392,969000,8.495,966000,4.021,965000,13.5554,964000,14.3755,963000,0.3188
25309352,975000,16.1212,974000,4.7448,973000,1,972000,301.5597,971000,23,969000,6.6145,966000,8.396,965000,28.5822,964000,12.3704,963000,0.3188
25309353,975000,16.866,974000,4,973000,1,972000,276.8221,971000,27.6087,969000,6.489,966000,10.396,965000,29.5822,964000,13.1753,963000,0.5619
25309354,975000,26.4212,974000,4,973000,1,972000,276.8221,971000,31.2489,966000,10.2227,965000,28.5822,964000,13.1755,963000,0.5679,962000,4.7945
25309355,976000,24.4375,975000,26.4212,974000,4.7448,973000,1,972000,285.071,966000,7.755,965000,13.5554,964000,13.1755,963000,0.3188,962000,5.0225
25309356,975000,15.4212,974000,4,973000,1,972000,304.8121,970000,22.9672,966000,1.6509,965000,22.9007,964000,7.4638,963000,0.3188,962000,0.1545
25309357,974000,4.7448,973000,118,972000,272.8821,971000,1,970000,25.9072,966000,0.021,965000,22.0178,964000,8.4664,963000,0.3188,962000,0.1545
25309358,973000,1,972000,272.8821,971000,29.98,970000,6.8917,969000,12.7174,966000,6.2628,965000,24.6693,964000,8.4664,963000,0.3188,962000,0.1545
25309359,972000,272.8821,971000,1,970000,6.8917,969000,6.3324,966000,6.6618,965000,17.6373,964000,7.4638,963000,0.3188,962000,0.1545,961000,32.1454
25309360,973000,1,972000,282.8821,971000,29,970000,2,969000,7.665,965000,6.9973,964000,7.4638,963000,0.3188,962000,0.9759,961000,30.4266
25309361,972000,282.8821,971000,2,970000,2,969000,23,968000,3.29,964000,7.4838,963000,0.3188,962000,26.7734,961000,30.4238,960000,201.5074
25309362,972000,288.756,971000,25.99,970000,2,969000,1,968000,7.315,965000,0.55,964000,0.4838,963000,0.3188,962000,0.9759,961000,31.0767
25309363,972000,288.0112,971000,23.98,970000,3,969000,4.5617,966000,1.6942,965000,0.55,964000,1.4838,963000,0.3188,962000,0.9759,961000,31.9767
25309364,972000,288.756,971000,1,970000,3,969000,2.94,968000,7.4244,964000,2.4875,963000,1.3188,962000,24.9559,961000,31.1142,960000,202.3135
25309365,973000,1,972000,288.0112,971000,1.7448,970000,8.9964,969000,33.8074,964000,3.0381,963000,2.3188,962000,1.9759,961000,51.1332,960000,202.6522
25309366,972000,289.756,971000,2,970000,7.9964,969000,15.3469,965000,1,963000,1.332,962000,25.4559,961000,51.1332,960000,203.4522,959000,13.5097
25309367,972000,289.0112,971000,2,970000,30.9964,969000,7.315,968000,7.0319,964000,1.08,963000,1.591,962000,29.6445,961000,50.7621,960000,203.4522
25309368,972000,289.756,971000,2,970000,8.9964,969000,26.44,968000,11.4069,964000,4.3427,963000,1.514,962000,1.6545,961000,79.6228,960000,203.4522
25309369,972000,289.0112,971000,2.7448,970000,7.9964,969000,4.44,967000,34.4069,964000,9.1585,963000,3.1985,962000,1.6545,961000,51.6332,960000,203.4522
25309370,972000,289.0112,971000,2.7448,970000,7.9964,969000,34.005,968000,7.0319,964000,8.9805,963000,3.014,962000,1.6545,961000,51.6303,960000,203.4522
25309371,972000,289.0112,971000,2.7448,970000,10.9364,969000,1.5,968000,40.5869,964000,14.9905,963000,2.014,962000,0.6545,961000,51.6303,960000,203.4522
25309372,972000,289.0112,971000,2,970000,10.9364,969000,0.7,968000,11.4069,965000,5.01,964000,6.4039,963000,2.014,962000,0.6545,961000,50.7621
25309373,972000,289.756,971000,2,970000,11.9364,969000,0.7,968000,34.4069,964000,10.4639,963000,2.014,962000,20.6345,961000,53.3151,960000,204.6922
25309374,972000,290.5008,971000,2,970000,10.9364,969000,23.7,968000,4.7737,964000,5.5063,963000,2.014,962000,20.6345,961000,53.3156,960000,204.6922
25309375,972000,289.756,971000,3,970000,10.9364,969000,23.7,968000,3.756,967000,4.4382,964000,39.7127,963000,2.014,962000,3.2074,961000,51.9263
25309376,972000,289.756,971000,2,970000,10.9364,969000,24.7,968000,9.8335,967000,0.9785,964000,4.9387,963000,6.8297,962000,2.3545,961000,53.5562
25309377,972000,289.756,971000,2,970000,10.9364,969000,24.7,968000,9.3127,964000,14.0681,963000,6.8297,962000,0.6545,961000,59.923,960000,204.8631
25309378,972000,289.756,971000,2,970000,10.9364,969000,23.7,968000,8.6472,964000,7.2631,963000,8.5799,962000,0.6545,961000,54.786,960000,204.6922
25309379,972000,289.756,971000,2,970000,11.9356,969000,28.5032,968000,4.844,964000,60.8869,963000,6.8297,962000,1.5545,961000,55.6246,960000,204.86
25309380,974000,4,973000,1.7448,972000,289.0112,971000,5.94,970000,23.5356,965000,38.8369,964000,7.9277,963000,6.8297,962000,1.5545,961000,54.786
25309381,974000,4.7448,973000,1,972000,290.0112,971000,2,970000,9.0633,966000,67.7107,964000,5.558,963000,7.7297,962000,0.6545,961000,54.1524
25309382,974000,4.7448,973000,1,972000,305.2743,971000,2.2,970000,8.3923,966000,31.418,964000,9.933,963000,7.7297,962000,3.5945,961000,54.1524
25309383,974000,15,973000,1,972000,305.2743,971000,30.39,970000,8.3923,966000,31.418,964000,11.5379,963000,7.7297,962000,3.7847,961000,53.986
25309384,974000,4,973000,1,972000,304.2743,971000,2.4,970000,8.3337,966000,31.418,964000,12.338,963000,7.7297,962000,3.7847,961000,53.986
25309385,973000,1,972000,289.1452,971000,2.4,970000,24.6247,969000,0.5581,966000,31.418,964000,12.3909,963000,7.7297,962000,3.7964,961000,53.986
25309386,973000,1,972000,289.2452,971000,2.4,970000,18.6283,969000,0.9503,966000,5,965000,35.191,964000,7.2158,963000,11.6398,962000,3.8021
25309387,973000,1,972000,289.2452,971000,2.4,970000,24.6247,969000,0.4612,966000,9.375,965000,30.816,964000,7.2158,963000,11.6398,962000,3.8021
25309388,973000,1,972000,289.1452,971000,2.4,970000,24.6247,969000,0.4512,965000,35.076,964000,7.9156,963000,9.9398,962000,3.5945,961000,51.0771
25309389,973000,1,972000,289.1452,971000,2.4,970000,25.6238,969000,0.4512,967000,27.375,965000,0.8,964000,6.113,963000,9.9398,962000,3.8021
25309390,973000,1,972000,289.1452,971000,2.4,970000,25.6238,969000,0.1845,967000,44.9259,965000,5.7754,964000,6.913,963000,9.9398,962000,3.8021
25309391,973000,1,972000,290.1452,971000,2.4,970000,25.6238,969000,0.1693,968000,29.5513,967000,27.375,965000,5.7754,964000,7.9164,963000,9.9398
25309392,973000,1,972000,290.1452,971000,2.4,970000,25.6238,969000,0.2356,968000,29.5513,967000,27.375,965000,5.7754,964000,7.9164,963000,9.9398
25309393,973000,1,972000,290.1452,971000,2.4,970000,25.6238,969000,0.2356,968000,29.5513,967000,27.375,965000,5.7754,964000,7.9174,963000,9.9398
25309394,973000,1,972000,290.1452,971000,2.4,970000,25.6238,969000,4.2944,968000,25.5985,965000,41.5414,964000,7.0174,963000,9.9398,962000,3.8021
25309395,972000,291.1452,971000,2.4,970000,25.6238,969000,6.0338,968000,1.3874,965000,5.7754,964000,33.5924,963000,9.9398,962000,5.5048,961000,50.8694
25309396,973000,1,972000,288.2052,971000,5.0527,970000,25.6238,969000,2.6677,965000,10.1504,964000,26.1969,963000,9.9398,962000,2.3545,961000,51.08
25309397,973000,1,972000,288.2052,971000,5.0527,970000,28.5638,969000,1.623,965000,60.1604,964000,6.1364,963000,9.9398,962000,2.3545,961000,53.9945
25309398,973000,1,972000,288.2052,971000,5.0527,970000,28.5638,969000,1.5356,966000,3.7736,965000,36.7754,964000,6.1203,963000,10.8398,962000,1.4545
25309399,973000,1,972000,288.2052,971000,7.9927,970000,25.6238,969000,0.5663,966000,7.9635,965000,44.1177,964000,6.0996,963000,10.8398,962000,1.4545
25309400,973000,1,972000,275.8821,971000,7.9927,970000,25.6238,969000,2.5663,965000,46.7399,964000,6.0996,963000,10.8398,962000,1.4545,961000,53.9871
25309401,973000,1,972000,276.8821,971000,7.9927,970000,19.6274,969000,4.346,965000,38.7665,964000,6.0996,963000,10.8398,962000,1.4545,961000,53.9872
25309402,973000,1,972000,277.0531,971000,7.9927,970000,25.6238,969000,3.6904,965000,39.0902,964000,6.0996,963000,9.9398,962000,2.3545,961000,53.9872
25309403,973000,1,972000,279.9931,971000,5.0527,970000,25.6238,969000,13.722,965000,40.4478,964000,6.1161,963000,10.8398,962000,4.3945,961000,51.0607
25309404,973000,1,972000,279.9931,971000,5.0527,970000,24.6247,969000,29.3562,965000,17.5028,964000,13.8271,963000,9.9398,962000,5.2945,961000,51.0607
25309405,973000,1,972000,278.9931,971000,5.0527,970000,18.6283,969000,23.3893,965000,45.9728,964000,6.1158,963000,9.9398,962000,5.2945,961000,51.0608
25309406,973000,1,972000,277.9931,971000,5.0527,970000,18.6283,969000,28.8857,965000,40.5028,964000,6.1158,963000,9.9398,962000,5.2945,961000,51.0608
25309407,973000,1.999,972000,276.9931,971000,5.0527,970000,18.6283,969000,44.277,965000,40.7528,964000,5.1619,963000,9.9398,962000,5.2945,961000,50.8694
25309408,973000,1.999,972000,276.9931,971000,5.0527,970000,19.6283,969000,35.007,965000,16.0861,964000,5.1619,963000,9.9398,962000,5.2945,961000,52.0472
25309409,973000,2.7438,972000,274.0531,971000,7.9927,970000,18.6283,969000,35.9622,965000,17.5528,964000,5.1619,963000,9.9398,962000,6.856,961000,53.8094
25309410,973000,2.7438,972000,275.0531,971000,7.9927,970000,18.6283,969000,33.9631,965000,17.5528,964000,5.1619,963000,10.9132,962000,6.856,961000,53.8094
25309411,973000,2.7438,972000,285.0531,971000,7.9927,970000,18.6283,969000,32.4166,965000,50.5528,964000,5.1619,963000,9.9398,962000,6.856,961000,54.785
25309412,973000,1.999,972000,285.0531,971000,8.9927,970000,18.6283,969000,41.8034,965000,46.1777,964000,5.1619,963000,10.9001,962000,6.856,961000,54.0019
25309413,973000,1.999,972000,287.9931,971000,6.0527,970000,18.6283,969000,29.2808,966000,17.2217,965000,36.1777,964000,5.1619,963000,11.8001,962000,1.4545
25309414,973000,1.999,972000,288.9931,971000,5.0527,970000,18.6283,969000,27.1924,966000,12.2173,965000,36.1777,964000,6.1288,963000,9.9398,962000,5.2945
25309415,973000,1.999,972000,278.9931,971000,4.8527,970000,23.6283,969000,31.661,965000,72.2417,964000,5.1619,963000,10.9314,962000,5.2945,961000,51.0681
25309416,973000,1.999,972000,278.4097,971000,4.8527,970000,23.6283,969000,31.0946,965000,45.834,964000,5.1619,963000,10.9314,962000,5.2945,961000,51.0681
25309417,973000,1.999,972000,277.4097,971000,4.8527,970000,23.6283,969000,30.6801,966000,32.2751,965000,41.4589,964000,5.1619,963000,9.9398,962000,5.2945
25309418,973000,1.999,972000,278.4097,971000,4.8527,970000,23.6394,969000,28.5712,966000,48.367,965000,13.1777,964000,6.1574,963000,30.5717,962000,5.2945
25309419,973000,1.999,972000,278.4097,971000,4.8527,970000,23.6394,969000,27.9922,966000,75.2111,965000,19.5291,964000,5.1619,963000,31.568,962000,5.2945
25309420,973000,1.999,972000,278.4097,971000,4.8527,970000,23.6394,969000,27.7922,966000,45.1151,965000,28.2311,964000,5.1619,963000,31.568,962000,5.2945
25309421,973000,1.999,972000,278.9097,971000,4.8527,970000,23.1394,969000,27.7922,966000,33,965000,20.5291,964000,6.1642,963000,30.5717,962000,5.2945
25309422,972000,274.9697,971000,4.8527,970000,23.1394,969000,27.7819,968000,0.584,966000,37.3751,965000,28.6881,964000,6.1644,963000,30.5717,962000,5.2945
25309423,973000,4.939,972000,275.9697,971000,4.8527,970000,23.1394,969000,26.559,968000,3.8943,966000,37.3751,965000,19.5291,964000,7.0659,963000,30.5717
25309424,973000,4.939,972000,274.9697,971000,4.8527,970000,23.1394,969000,16.4788,968000,3.8566,966000,45.4381,965000,19.5291,964000,7.0659,963000,30.5717
25309425,973000,4.939,972000,275.9697,971000,4.8527,970000,23.1394,969000,1.4454,968000,3.8566,966000,68.963,965000,19.5291,964000,7.0658,963000,9.9398
25309426,973000,4.939,972000,275.9697,971000,4.8527,970000,7.0103,969000,17.4151,968000,14.7307,966000,41.513,965000,19.5291,964000,7.0659,963000,10.1498
25309427,973000,4.939,972000,275.9697,971000,4.8527,970000,7.0103,969000,1.1185,968000,14.3339,966000,33,965000,19.5291,964000,7.8659,963000,9.9398
25309428,974000,5,973000,4.939,972000,275.9697,971000,4.6527,970000,6.2214,968000,9.9827,967000,30.901,966000,14.3751,965000,19.5291,964000,7.866
25309429,974000,5,973000,4.939,972000,275.9697,971000,4.6527,970000,6.0103,969000,3.8007,968000,16.7149,967000,35.1371,965000,20.4291,964000,9.906
25309430,975000,15.4212,974000,5,973000,4.939,972000,274.9697,971000,4.6527,968000,17.3052,967000,30.762,965000,20.4291,964000,8.9019,963000,10.1535
25309431,975000,15.4212,974000,7.94,973000,1.999,972000,274.9697,971000,1.2307,969000,3.1171,968000,15.0232,965000,21.2291,964000,9.1058,963000,10.1535
25309432,976000,25.1385,975000,15.4212,974000,7.94,973000,2.499,972000,275.4697,970000,11.6252,969000,0.3593,968000,12.1279,965000,21.2291,964000,9.3211
25309433,976000,25.1385,975000,15.4212,974000,7.94,973000,2.499,972000,275.0683,970000,8.9431,969000,0.3593,968000,39.8163,966000,0.9,965000,20.3291
25309434,976000,25.1385,975000,15.4212,974000,7.94,973000,2.499,972000,277.7263,971000,2.361,970000,8.9431,969000,0.3593,968000,11.9163,966000,0.9
25309435,976000,25.1385,975000,15.4212,974000,7.94,973000,2.499,972000,280.1735,971000,2.1713,970000,8.9431,969000,0.3277,968000,30.1387,966000,0.9
25309436,976000,25.8833,975000,15.4212,974000,7.94,973000,2.499,972000,284.6649,969000,10.8532,968000,23.6196,965000,20.5655,964000,9.3457,963000,19.9398
25309437,976000,25.1385,975000,20.3928,974000,7.94,973000,1.5,972000,284.6649,970000,3.4073,969000,3.0529,968000,31.3191,966000,0.9,965000,20.5655
25309438,976000,25.8833,975000,20.3928,974000,7.94,973000,1.5,972000,282.2839,970000,1.3731,969000,2.9882,968000,8.3191,966000,0.9,965000,21.3653
25309439,975000,20.3928,974000,7.94,973000,1.5,972000,280.9017,971000,0.3825,970000,23.5665,969000,2.9882,968000,0.6429,966000,5.2751,965000,21.3653
25309440,976000,25.1385,975000,20.3928,974000,7.94,973000,1.5,972000,279.1873,971000,3.1338,970000,20.6277,969000,7.9882,968000,0.6429,966000,1.2825
25309441,976000,25.1385,975000,20.3928,974000,7.94,973000,23.68,972000,271.3327,971000,1.6879,970000,20.6277,969000,1.6828,968000,0.6429,966000,1.2825
25309442,976000,24.9499,975000,23.3328,974000,5,973000,23.68,972000,263.75,971000,6.1661,970000,20.6277,968000,0.6429,966000,2.2825,965000,27.792
25309443,976000,24.9499,975000,23.3328,974000,5,973000,1.5,972000,160.9198,971000,1.0093,970000,20.3571,968000,0.6429,966000,2.2825,965000,24.3053
25309444,976000,24.9499,975000,23.3328,974000,5,973000,2.5,972000,98.0383,971000,0.263,970000,51.468,968000,1.4429,966000,2.2825,965000,24.5116
25309445,976000,27.8899,975000,27.3928,974000,5,973000,1.5,972000,47.3632,971000,45.188,970000,20.3,968000,2.3429,966000,2.3879,965000,23.8167
