25307460,969000,0.1606,967000,13.4721,966000,0.02,965000,0.1695,963000,0.0486,962000,32.0586,961000,35.1285,960000,78.5187,959000,20.25,958000,16.985
25307461,973000,0.02,972000,63.0585,971000,28.02,970000,4.4741,969000,0.1606,967000,0.9378,966000,22.91,964000,7.1,963000,43.1749,962000,17.0586
25307463,973000,0.02,972000,63.0585,971000,1.02,970000,4.4741,969000,0.1606,968000,1.274,967000,3.1922,965000,2.7,963000,2.2,962000,17.0586
25307464,973000,0.02,972000,90.0385,971000,0.02,970000,3.4493,969000,2.4972,968000,28.2385,965000,42.3774,963000,8.3921,962000,17.0586,961000,21.8784
25307465,973000,0.02,972000,90.0385,971000,0.02,970000,8.6537,969000,0.1406,968000,28.1951,966000,1.1,965000,32.7967,963000,3.2,962000,29.0586
25307466,975000,11.8911,974000,13.9345,973000,0.02,972000,90.0385,971000,0.167,968000,51.8757,965000,29.8967,963000,21.2,962000,30.0586,961000,24.8184
25307467,974000,24.9345,973000,0.02,972000,64.0585,971000,23.02,968000,6.8436,965000,0.7918,964000,32.375,963000,52.2642,962000,18.0586,961000,24.8184
25307468,973000,0.02,972000,64.0585,971000,0.02,970000,30.582,968000,20.7477,966000,0.0027,965000,41.7305,964000,19.4395,963000,21,962000,18.0586
25307469,973000,0.02,972000,64.0585,971000,0.04,970000,28.8842,968000,4.304,966000,38.0999,965000,2.2773,964000,3.4505,963000,21,962000,18.0586
25307470,974000,12,973000,0.02,972000,63.0585,971000,0.04,970000,36.2937,966000,39.4352,965000,18.6036,964000,6.6,963000,21,962000,18.0586
25307471,973000,0.02,972000,64.0585,971000,0.04,970000,32.5384,969000,1.1185,966000,56.9263,965000,1.8918,964000,5,963000,21,962000,18.0586
25307472,973000,0.02,972000,64.0585,971000,0.04,970000,28.8842,969000,4.7898,967000,3.9801,966000,40.2318,965000,2.9918,963000,21,962000,18.0586
25307473,973000,0.02,972000,64.0585,971000,0.04,970000,29.0312,969000,2.1356,967000,0.6862,966000,56.9263,965000,1.3918,964000,3,963000,21
25307474,974000,11,973000,0.02,972000,64.0585,971000,0.04,970000,28.8842,969000,1.6083,968000,2,967000,10.2107,966000,39.8318,965000,3.5884
25307475,976000,16.3712,975000,11.8911,973000,0.02,972000,64.6158,971000,0.02,970000,5.6509,969000,2,968000,2,967000,2.7862,966000,39.5318
25307476,977000,13.9345,976000,15.3464,975000,11.8911,973000,0.02,972000,63.067,971000,0.0617,970000,0.6377,969000,3,968000,2.6665,967000,12.8394
25307477,977000,13.9345,976000,16.3712,975000,12.8911,973000,0.02,972000,52.7884,970000,0.8876,969000,2,968000,2.6665,967000,12.3394,966000,37.7818
25307478,976000,16.3712,975000,12.8911,973000,0.02,972000,50.5,971000,45.7089,969000,2.1193,968000,2,967000,10.2394,966000,38.8818,965000,10.5284
25307479,977000,13.9345,976000,16.3712,975000,12.8911,973000,0.02,972000,53.6422,969000,1.2009,968000,1.73,967000,14.6059,966000,38.8818,965000,7.5884
25307480,975000,35.4496,974000,0.02,973000,0.02,972000,73.5,971000,22.7089,969000,0.9724,968000,1.73,967000,22.5759,966000,38.8818,965000,7.5884
25307481,976000,16.3712,975000,34.4496,974000,0.02,973000,0.02,972000,66.6422,968000,3.6218,967000,12.5394,966000,37.5818,965000,10.5284,964000,0.4
25307482,975000,34.4496,974000,1.04,973000,0.02,972000,63.6,971000,5.1422,968000,0.9256,967000,25.2394,966000,38.8818,965000,10.5284,964000,0.4
25307483,976000,9.8039,975000,35.4744,974000,0.04,973000,0.02,972000,71.0172,967000,46.3194,966000,37.7818,965000,11.5284,964000,0.4,963000,22.9972
25307484,976000,10.9648,975000,34.4496,974000,0.04,973000,0.02,972000,79.0172,967000,18.2394,966000,38.8818,965000,11.5284,964000,0.4,963000,22.9972
25307485,975000,35.4744,974000,1.04,973000,0.02,972000,73.6,971000,25.7948,967000,18.9371,966000,49.8818,965000,11.5284,964000,0.4,963000,22.9972
25307486,976000,5.3712,975000,35.4496,974000,0.04,973000,0.02,972000,74.5031,967000,48.836,966000,49.8818,965000,11.5284,964000,0.4,963000,22.9972
25307487,975000,35.4496,974000,0.04,973000,0.02,972000,51.1581,971000,50.21,968000,11.05,967000,20.8984,966000,39.8818,965000,11.5284,964000,0.4
25307488,975000,35.4744,974000,0.04,973000,0.02,972000,41.6,971000,20.8197,968000,11.9966,967000,19.8984,966000,38.8818,965000,11.5284,964000,0.4
25307489,976000,5.3712,975000,35.4496,974000,0.04,973000,0.02,972000,94.7247,968000,13.0076,967000,20.8984,966000,23.4,965000,11.5284,964000,0.4
25307490,975000,34.4496,974000,0.04,973000,0.02,972000,66.4917,971000,0.5026,969000,0.02,968000,27.7526,967000,19.7432,966000,22.1,965000,8.5884
25307491,976000,5.3712,975000,35.4496,974000,0.04,973000,0.02,972000,40.7029,970000,0.02,969000,6.7539,968000,55.9338,967000,15.157,966000,23.94
25307492,976000,4.3464,975000,35.4496,974000,0.06,973000,0.02,972000,41.8131,969000,0.7801,968000,21.9538,967000,20.157,966000,21,965000,11.5284
25307493,974000,0.06,973000,0.02,972000,40.662,971000,5,970000,6.3913,968000,12.5672,967000,4.659,966000,22.4,965000,11.5284,964000,0.4
25307494,976000,4.3464,975000,35.4496,974000,0.06,973000,0.02,972000,41.8751,969000,1.3547,968000,6.7632,967000,11.659,966000,22.4,965000,11.5284
25307495,975000,34.4496,974000,1.06,973000,0.02,972000,40.662,971000,5.3933,968000,7.3117,967000,11.659,966000,31,965000,10.9884,964000,3.34
25307496,975000,49.4089,974000,0.06,973000,0.02,972000,41.662,970000,22.7798,968000,6.5684,967000,12.2082,966000,36,965000,10.9884,964000,3.34
25307497,975000,49.4089,974000,0.06,973000,0.02,972000,69.8422,970000,2.2131,968000,5.9978,967000,11.659,966000,36,965000,10.9884,964000,3.34
25307498,974000,1.06,973000,0.02,972000,40.662,971000,20,970000,2.7798,968000,6.5682,967000,11.659,966000,37.1,965000,9.8884,964000,3.34
25307499,975000,49.4089,974000,1.06,973000,0.02,972000,65.4089,970000,2.1088,968000,6.3986,967000,11.8538,966000,38.4,965000,9.5884,964000,4.34
25307500,975000,48.3841,974000,0.06,973000,0.02,972000,62.2287,970000,2.1088,969000,1.511,968000,11.0944,967000,12.208,966000,38.4,965000,9.5884
25307501,975000,48.3841,974000,0.06,973000,0.02,972000,62.2287,970000,3.0497,969000,0.1031,968000,11.0944,967000,12.208,966000,36,965000,11.9884
25307502,975000,48.3841,974000,0.06,973000,0.02,972000,47.9119,969000,101,968000,10.8133,967000,12.208,966000,36,965000,11.9884,964000,3.34
25307503,974000,0.06,973000,0.02,972000,41.682,969000,105.8164,968000,2.0497,967000,12.208,966000,31,965000,9.5884,964000,5.74,963000,22.9972
25307504,974000,0.06,973000,0.02,972000,40.682,969000,1,968000,5.9401,967000,1.8838,966000,31,965000,12.5284,964000,5.4,963000,25.3972
25307505,976000,4.3464,975000,49.4089,974000,0.06,973000,0.02,972000,42.7317,968000,0.0046,966000,56.8779,965000,11.9884,964000,5.4,963000,22.9972
25307506,974000,0.9515,973000,0.02,972000,49.413,971000,19.02,970000,3.8014,965000,12.3102,964000,25.47,963000,25.3972,962000,24.0952,961000,20.9584
25307507,973000,0.02,972000,49.413,971000,0.9,970000,19.1192,969000,8.8014,965000,5.3702,964000,8.34,963000,25.3972,962000,24.0952,961000,20.9584
25307508,973000,0.02,972000,49.413,971000,1.0998,969000,13.8014,968000,5,966000,4,965000,4.7966,964000,9.342,963000,25.3972,962000,24.0952
25307509,973000,0.02,972000,49.413,971000,19.2198,970000,13.8014,969000,5,966000,4,965000,5.3702,964000,30.682,963000,24.0972,962000,24.0952
25307510,973000,0.02,972000,49.413,971000,17.7628,970000,28.12,969000,8.1971,966000,4.9269,965000,35.6006,964000,10.6426,963000,24.0972,962000,24.0952
25307511,974000,0.9515,973000,0.02,972000,49.413,971000,20.7601,968000,1.0671,966000,13.3177,965000,36.9006,964000,1.4026,963000,24.0972,962000,24.0952
25307512,976000,5.2379,975000,26.3248,974000,0.06,973000,0.02,972000,55.1517,971000,3.4052,968000,33.9425,967000,4,966000,6.0005,965000,4.7966
25307513,976000,5.3464,975000,25.3248,974000,0.06,973000,0.02,972000,45.2318,969000,6.775,968000,21.8161,967000,4,966000,12,965000,4.7966
25307514,976000,5.3464,975000,25.3248,974000,0.06,973000,0.02,972000,40.6042,971000,1.7235,968000,38.7464,967000,4,965000,4.7966,964000,12.6636
25307515,976000,4.3464,975000,25.3248,974000,0.06,973000,0.02,972000,42.2033,971000,0.1508,970000,4.0095,969000,2.94,968000,36.5478,967000,4
25307516,976000,4.3464,975000,26.3248,974000,0.06,973000,0.02,972000,40.3025,971000,1.8043,970000,0.9145,969000,46.675,968000,19.3118,965000,4.0332
25307517,976000,4.3464,975000,26.3248,974000,0.06,973000,0.02,972000,53.0403,971000,0.0649,970000,0.9145,969000,34.0114,968000,20.6118,965000,4.0332
25307518,976000,4.3464,975000,26.3248,974000,0.06,973000,0.02,972000,40.5818,971000,1.2952,970000,21.5,969000,32.6364,968000,20.6118,965000,3.7966
25307519,976000,4.3464,975000,26.3248,974000,0.06,973000,0.02,972000,40.5818,971000,4.2352,970000,0.5,969000,18.6414,968000,21.6128,965000,3.7966
25307520,976000,4.3464,975000,25.3248,974000,1.06,973000,0.02,972000,37.6418,971000,0.479,970000,14.229,969000,18.6414,968000,20.8128,965000,4.8033
25307521,976000,4.3464,975000,11.3903,974000,1.06,973000,0.02,972000,29.9114,969000,18.5868,968000,30.1928,965000,4.8033,964000,12.6398,963000,22.9972
25307523,976000,4.3464,975000,11.3903,974000,1.06,973000,0.02,972000,23.9477,969000,52.3048,968000,20.8128,965000,4.8033,964000,12.6398,963000,22.9972
25307524,976000,4.3464,975000,11.3903,974000,1.2589,973000,0.02,972000,10.2162,970000,6.34,969000,41.5868,968000,31.7228,965000,4.8033,964000,0.6398
25307525,976000,4.3464,975000,11.3903,974000,0.2589,973000,0.02,972000,9.2052,970000,39.386,969000,20.9868,968000,19.7228,965000,17.6616,964000,0.4
25307526,976000,4.3464,975000,11.3903,974000,0.2589,973000,0.02,972000,9.0686,970000,3.94,969000,15.5868,968000,22.1228,965000,17.6616,964000,0.4
25307527,979000,29.9192,978000,1.0964,977000,23,976000,4.3464,975000,13.7295,971000,7.5029,970000,22.3,969000,15.5868,968000,31.7228,965000,7.7064
25307528,980000,41.8623,979000,30.9192,978000,1.0964,977000,23,976000,11.0541,975000,0.0017,972000,2.94,971000,14.3814,969000,27.5868,968000,19.7228
25307529,980000,44.8023,979000,26.9792,978000,2.0964,977000,23,976000,4.5464,975000,0.0017,972000,34.077,971000,14.4,969000,15.5868,968000,19.7228
25307530,981000,7.5,980000,41.8623,979000,26.9792,978000,24.0864,976000,0.1028,975000,0.0017,973000,49.1298,971000,25.4,969000,27.5868,968000,19.7228
25307531,982000,90.4444,981000,7.5,980000,40.9708,979000,49.9792,978000,4.578,976000,20.003,975000,0.0017,974000,21.99,973000,5.34,971000,24.0041
25307532,983000,20.0717,982000,89.5596,981000,7.5,980000,40.9708,979000,22.7847,976000,15.6258,975000,2.9417,973000,24.08,971000,24.005,969000,31.2359
25307533,984000,7.3511,983000,16.3735,982000,79.5596,981000,7.5,980000,73.9608,976000,58.5412,975000,1.0022,974000,1.3,973000,1.1,971000,12.2664
25307534,983000,16.3735,982000,79.5596,981000,2.5,980000,65.9408,978000,52.319,976000,9.7935,975000,1.0022,971000,14.6664,969000,15.5868,968000,19.962
25307535,983000,16.3735,982000,79.5596,981000,3.2555,980000,77.1122,978000,46.309,976000,2.94,975000,0.0017,973000,35.121,972000,33.9285,971000,2.4
25307536,983000,16.3735,982000,68.0011,981000,2.5,980000,66.3966,979000,32.5064,977000,25.6601,975000,2.3503,973000,26.4041,972000,33.9244,969000,16.3431
25307537,982000,78.0011,981000,2.5,980000,65.9408,979000,23.2396,978000,5.2242,976000,0.7353,975000,0.0017,973000,29.896,972000,33.1806,969000,17.0868
25307538,981000,2.5,980000,66.9408,979000,23.0682,978000,0.7514,976000,0.4065,974000,6.4519,973000,25.4,972000,33.9298,969000,16.3414,968000,19.962
25307539,982000,77.6259,981000,2.5,980000,92.9408,979000,0.0682,978000,4.0745,974000,0.2834,972000,34.8068,971000,2.4,969000,16.3426,968000,19.962
25307540,981000,3.1248,980000,91.9308,979000,0.0682,978000,23.6452,977000,0.36,975000,0.034,972000,35.7243,971000,2.4,969000,16.338,968000,19.962
25307541,981000,3.1248,980000,66.9408,979000,0.0682,978000,0.3608,977000,50.8537,975000,0.034,972000,35.7232,971000,1.3,970000,1.1,969000,16.0868
25307542,981000,2.5,980000,67.0407,979000,0.3526,978000,3.9061,976000,0.1,975000,3.7041,972000,33.0928,971000,1.1,969000,16.3177,968000,20.2135
25307543,982000,79.9411,981000,3.5,980000,66.3251,979000,3.6135,978000,1.7081,976000,1.4938,974000,3.7698,972000,66.8875,971000,1.1,969000,16.3174
25307544,981000,2.5,980000,67.0407,979000,0.3526,978000,3.9061,977000,1.5161,976000,0.2211,974000,2.94,972000,36.9686,971000,1.1,969000,16.3176
25307545,981000,2.5,980000,67.0407,979000,0.0882,978000,23.0675,977000,5.3458,974000,3.666,972000,35.9447,971000,1.1,969000,16.3218,968000,20.2135
25307546,981000,5.44,980000,67.0407,979000,0.3726,978000,3.6128,977000,1.5347,975000,0.02,974000,0.726,972000,35.113,971000,1.1,969000,16.322
25307547,980000,69.9807,979000,28.0982,978000,0.0675,977000,4.1001,976000,5,974000,0.0085,973000,2.94,972000,34.733,971000,2.4,969000,16.292
25307548,979000,0.1082,978000,0.0675,977000,0.2537,976000,5,974000,23.8729,973000,15.8647,972000,32.9007,971000,11.7493,969000,16.0868,968000,20.2135
25307549,979000,0.1082,978000,0.0675,977000,26.799,976000,5,974000,10.3214,973000,2.94,972000,56.7305,971000,2.4,969000,16.0868,968000,20.4047
25307550,980000,67.6655,979000,0.1082,978000,0.0675,977000,3.799,976000,2.6815,972000,65.8376,971000,2.4,969000,16.0868,968000,19.962,966000,12.5
25307551,980000,42.0607,979000,46.078,978000,0.0675,977000,0.2537,976000,2.7013,974000,2.94,972000,69.4138,969000,16.2783,968000,19.962,966000,12.5
25307552,980000,42.0607,979000,33.7636,978000,0.0675,977000,0.2537,976000,6.508,974000,3.3282,972000,69.4141,969000,16.2782,968000,18.961,966000,12.5
25307553,978000,0.3519,977000,0.2537,976000,0.0638,975000,4.7037,974000,0.6307,972000,35.8591,971000,2.4,969000,16.2784,968000,30.961,966000,0.5
25307554,980000,44.0007,979000,53.8136,978000,0.0675,977000,4.6288,976000,0.1277,972000,35.9047,971000,14.5867,969000,16.47,968000,30.961,966000,0.5
25307555,980000,44.0007,979000,26.8136,978000,33.4446,977000,27.6288,976000,0.512,974000,0.02,972000,58.9047,971000,3.3567,969000,16.47,968000,30.961
25307556,980000,41.0607,979000,25.8136,978000,7.4646,977000,23.2537,976000,0.5776,975000,0.02,974000,0.02,973000,16.0773,972000,60.2047,971000,1.1
25307557,980000,41.0607,979000,26.8136,978000,0.0675,977000,23.2537,976000,12.3498,975000,0.02,974000,0.02,973000,4.99,972000,36.8047,971000,2.0666
25307558,980000,40.0607,979000,26.8136,978000,0.0675,977000,23.2537,976000,7.8748,975000,0.02,973000,5.779,972000,37.2047,971000,2.0666,969000,16.2784
25307559,980000,40.0607,979000,26.8136,978000,0.0675,977000,24.2537,976000,7.9747,973000,2.94,972000,45.1087,971000,2.0785,969000,16.4745,968000,1.2492
25307560,980000,40.0607,979000,28.1136,978000,0.0675,977000,1.2537,976000,7.6903,973000,2.94,972000,44.9207,971000,2.0785,969000,16.2829,968000,1.2492
25307561,980000,40.0607,979000,57.5159,978000,0.0675,977000,1.2537,976000,7.9138,975000,8.8901,974000,2.94,972000,36.5047,971000,1.3,969000,16.0868
25307562,980000,41.0607,979000,27.5159,978000,0.0675,977000,1.2537,976000,13.0119,974000,1.4241,972000,36.8737,971000,2.4,969000,16.2809,968000,13.2492
25307563,979000,38.8197,978000,0.0675,977000,1.2537,976000,0.5167,975000,3.033,972000,35.9047,971000,26.3703,969000,16.2811,968000,13.2492,966000,0.5
25307564,980000,40.0607,979000,62.8197,978000,0.0675,977000,1.2537,976000,0.5167,974000,2.94,972000,35.9047,971000,26.3703,969000,16.2811,968000,13.2492
25307565,980000,41.0607,979000,61.8197,978000,5.7928,977000,1.2537,976000,0.3581,974000,5.6797,973000,22.6915,972000,46.1575,971000,2.4,969000,16.2814
25307566,980000,41.0607,979000,37.8197,978000,27.7828,977000,1.2537,976000,1.3581,973000,25.6315,972000,46.0808,971000,2.4,969000,16.266,968000,13.2492
25307567,980000,41.0607,979000,36.5197,978000,5.7928,977000,1.2537,976000,1.3581,974000,0.02,973000,35.0416,972000,37.7988,971000,2.4,969000,16.266
25307568,980000,42.0607,979000,36.5197,978000,26.8128,977000,1.2537,976000,0.3581,973000,31.1928,972000,39.1042,971000,1.1,969000,16.2671,968000,13.2492
25307569,980000,42.0607,979000,38.9157,978000,5.8128,977000,1.2537,976000,0.3581,973000,38.8532,972000,39.1042,971000,1.1,969000,16.2671,968000,13.2492
25307570,980000,42.0607,979000,38.9157,978000,5.8128,977000,1.2537,976000,0.3581,973000,32.5509,972000,4.2,971000,1.1,969000,16.267,968000,1.2492
25307571,980000,41.0607,979000,38.9157,978000,5.8128,977000,1.2537,976000,0.3581,974000,36.569,973000,39.0104,972000,4.1999,971000,1.1,969000,16.2669
25307572,980000,41.0607,979000,38.9157,978000,5.8128,977000,1.2537,976000,0.2582,975000,0.7859,974000,32.8568,973000,38.1104,972000,4.1999,969000,16.2669
25307573,980000,41.0607,979000,38.9157,978000,5.8128,977000,1.2537,976000,0.1933,975000,4.9729,974000,32.8568,973000,38.1104,972000,3.1995,969000,16.2667
25307574,980000,41.0607,979000,38.9157,978000,5.8128,977000,1.2537,976000,0.1933,975000,6.9749,974000,32.8568,973000,39.4104,972000,1.8995,969000,16.2667
25307575,980000,41.0607,979000,52.8502,978000,5.9128,977000,1.2537,976000,0.1933,975000,6.9749,974000,35.7968,973000,36.4704,972000,1.8885,969000,16.2645
25307576,980000,40.0607,979000,52.8502,978000,5.9128,977000,1.2537,976000,0.1933,975000,6.9749,974000,32.8568,973000,39.4104,972000,1.001,969000,16.2734
25307577,980000,40.0607,979000,52.8502,978000,5.9128,977000,1.2537,976000,0.1933,975000,6.9749,974000,32.8568,973000,8.2094,972000,1.001,969000,16.2734
25307579,981000,2.55,980000,40.0607,979000,53.8502,978000,32.4779,977000,1.5067,976000,4.1918,975000,5.7674,974000,32.8568,973000,8.2094,972000,1.001
25307579,979000,31.8102,978000,6.1128,977000,24.0874,976000,3.8914,975000,10.0995,974000,32.8568,973000,2.8694,972000,1.001,971000,5.34,969000,17.1805
25307580,978000,7.1328,977000,1.0874,976000,5.8389,974000,1.5354,973000,4.2218,971000,23,970000,11.7388,969000,16.9881,968000,1.2492,966000,12.6805
25307582,978000,24.0073,977000,25.0874,976000,4.3751,975000,5.6839,974000,0.8654,971000,47,970000,3.3008,969000,19.0268,968000,1.2492,966000,12.6805
25307583,979000,13.9357,978000,23.0073,977000,1.0874,975000,5.6839,974000,0.3533,971000,31.7178,970000,2.4,969000,19.0268,968000,1.426,966000,12.5
25307584,979000,13.9357,978000,20.1673,977000,30.0674,975000,5.6839,974000,0.5595,972000,1.2029,971000,32.8178,970000,1.3,969000,16.0868,968000,1.426
25307585,979000,16.8757,978000,21.1664,977000,31.0674,975000,5.8389,974000,0.5595,972000,24.8611,970000,2.4,969000,16.9552,968000,13.2492,966000,0.6738
25307586,979000,14.5605,978000,22.1664,977000,1.0874,976000,8.7789,973000,4.2201,969000,17.7551,968000,1.2492,967000,12,966000,0.6741,965000,9.475
25307587,978000,22.1664,977000,1.0874,976000,23,974000,11.5351,972000,7.2248,969000,47.9251,968000,3.6492,967000,12,966000,0.6741,965000,9.475
25307588,979000,13.9357,978000,21.1664,977000,45.7122,976000,2.94,975000,1,972000,4.1957,969000,24.1644,968000,3.6492,967000,12,966000,1.3421
25307589,979000,14.5605,978000,21.1664,977000,4.085,976000,26.94,975000,5.3096,970000,0.0655,969000,42.7664,968000,3.6492,967000,15.8058,966000,0.6733
25307590,978000,21.1664,977000,4.085,976000,26.94,975000,2.0983,974000,2.3367,970000,34.2605,969000,16.1384,968000,2.9781,967000,15.8058,966000,0.6733
25307591,978000,21.1664,977000,4.085,976000,26.94,975000,1.9983,974000,1.3222,970000,27.4,969000,16.1384,968000,1.8781,967000,15.8058,966000,0.6733
25307592,979000,13.9357,978000,21.1664,977000,1.0874,976000,2.94,975000,3.3116,974000,9.8894,970000,27.5,969000,16.1384,968000,2.1678,967000,14.94
25307593,979000,13.9357,978000,21.1664,977000,1.0874,976000,25.94,975000,3.3116,970000,25.1,969000,16.1384,968000,4.5678,967000,14.94,966000,1.1786
25307594,979000,14.6934,978000,22.1664,977000,1.0874,976000,23,975000,7.6867,970000,26.1,969000,16.7384,968000,2.9781,967000,15.2653,966000,6.754
25307595,980000,7.5599,979000,14.6934,978000,25.1064,977000,1.0874,975000,20.0567,970000,50.683,969000,16.5384,968000,1.8781,967000,15.2653,966000,0.7706
25307596,980000,7.5599,979000,20.403,978000,22.1664,977000,1.0874,975000,19.0567,970000,27.739,969000,31.0784,968000,1.8781,967000,3.2653,966000,0.7901
25307597,980000,7.5599,979000,17.9001,978000,22.1664,977000,1.0874,975000,25.1067,970000,28.6717,969000,16.1384,968000,3.4781,967000,3.2653,966000,12.5
25307598,979000,14.9601,978000,22.1664,977000,1.0874,975000,12.7367,974000,11.6999,970000,27.4255,969000,16.9384,968000,13.8781,967000,3.2653,966000,0.5
25307599,978000,22.0908,977000,2.0874,975000,7.0483,974000,16.075,971000,24.3446,970000,24.4,969000,16.1384,968000,16.6781,967000,3.2653,966000,0.5
25307600,978000,22.0908,977000,2.0874,975000,10.4251,974000,1.6987,973000,8.6508,971000,6.0313,970000,10.7446,969000,18.1384,968000,13.8781,967000,3.2653
25307601,978000,22.0908,977000,2.0874,975000,1.9983,974000,1.6987,973000,6.5626,970000,12.066,969000,41.1384,968000,13.8781,967000,3.2653,966000,3.44
25307602,981000,2.55,980000,7.5599,979000,17.1747,978000,22.0664,977000,12.5108,974000,0.0684,973000,11.9951,972000,1.2,970000,2.7,969000,16.1384
25307603,980000,7.5599,979000,16.1503,978000,26.4415,977000,1.0874,976000,2.6347,974000,31.6189,973000,4.6101,972000,1.2,970000,1.1,969000,16.1384
25307604,980000,7.5599,979000,16.1503,978000,26.4415,977000,1.0874,976000,0.61,974000,51.9749,973000,4.6101,972000,1.2,970000,1.1,969000,16.1384
25307605,980000,7.5599,979000,16.1503,978000,25.4415,977000,1.0874,975000,2.6083,974000,46.9049,973000,13.6781,970000,1.1,969000,16.1384,968000,1.8781
25307606,981000,2.55,980000,7.5599,979000,16.1503,978000,28.4391,977000,1.0874,974000,55.4108,973000,13.3498,970000,1.1,969000,16.1384,968000,13.8781
25307607,981000,2.55,980000,7.5599,979000,16.1503,978000,21.0664,977000,8.4601,974000,31.8556,973000,11.9743,970000,1.1,969000,16.1384,968000,13.8781
25307608,980000,7.5599,979000,17.1503,978000,21.0664,977000,4.085,976000,0.7254,974000,32.3141,973000,11.8303,970000,1.1,969000,16.1384,968000,13.8781
25307609,981000,2.55,980000,8.5599,979000,16.1503,978000,21.0664,977000,4.085,974000,11.3124,973000,1.1623,971000,25.8,970000,1.1,969000,16.1384
25307610,980000,7.5599,979000,17.1503,978000,25.4415,977000,1.0874,976000,0.7254,974000,1.4194,973000,1.1623,971000,53.79,970000,1.1,969000,16.1384
25307611,980000,7.5599,979000,17.1503,978000,21.0664,977000,5.4625,976000,1.7521,973000,8.9554,972000,23,971000,24.79,970000,1.1,969000,16.1384
25307612,981000,2.55,980000,7.5599,979000,16.1503,978000,21.7918,977000,1.0874,973000,34.6075,970000,1.1,969000,16.1384,968000,1.8781,967000,3.2653
25307613,981000,13.55,980000,7.5599,979000,16.1503,978000,21.0664,977000,1.473,975000,1.5044,973000,34.6075,970000,1.1,969000,16.1384,968000,1.8781
25307614,981000,14.55,980000,7.5599,979000,16.1503,978000,21.0664,977000,0.9774,975000,0.0073,973000,57.5875,970000,2.101,969000,16.1384,968000,1.8781
25307615,981000,14.55,980000,7.5599,979000,16.1503,978000,21.0664,977000,0.9774,975000,0.0073,974000,4.8493,973000,57.5875,970000,2.101,969000,16.1384
25307616,981000,14.55,980000,7.5599,979000,16.1503,978000,21.0664,977000,3.018,975000,0.4658,973000,33.674,970000,2.101,969000,16.1384,968000,1.8781
25307617,981000,2.55,980000,7.5599,979000,16.1503,978000,21.0664,977000,3.018,975000,0.4658,974000,31.3551,973000,33.674,970000,2.101,969000,16.1384
25307618,981000,2.55,980000,7.5599,979000,16.1503,978000,21.0664,977000,3.018,974000,25.7022,973000,33.674,970000,2.101,969000,16.1384,968000,1.8781
25307619,981000,2.55,980000,7.5599,979000,16.1503,978000,21.0664,977000,3.018,974000,5.0873,973000,34.674,970000,2.101,969000,16.1384,968000,1.8781
25307620,981000,2.55,980000,7.5599,979000,16.1503,978000,21.0664,977000,3.748,974000,0.7122,973000,34.674,970000,2.101,969000,16.1384,968000,1.8781
25307621,981000,2.55,980000,7.5599,979000,16.1503,978000,21.0664,977000,3.018,974000,26.3473,973000,34.674,970000,2.101,969000,16.1384,968000,1.8781
25307622,980000,7.5599,979000,16.1503,978000,21.0664,977000,1.473,976000,0.6652,974000,12.9231,973000,34.674,970000,2.101,969000,16.1384,968000,1.8781
25307623,981000,3.55,980000,7.5599,979000,16.1503,978000,21.0664,977000,2.1382,974000,17.071,973000,11.674,970000,2.101,969000,16.1384,968000,1.8781
25307624,981000,2.55,980000,7.5599,979000,17.1503,978000,21.0664,977000,2.1382,974000,13.3938,973000,3.1,970000,2.101,969000,16.1384,968000,1.8781
25307625,980000,7.5599,979000,17.1503,978000,21.0664,977000,2.5428,975000,3.2652,974000,12.9231,973000,1,972000,2.8,970000,2.101,969000,16.1384
25307626,980000,7.5599,979000,16.1503,978000,22.0664,977000,2.203,975000,3.2652,974000,12.9231,973000,1,972000,2.8,970000,2.101,969000,16.1384
25307627,980000,8.5599,979000,16.1503,978000,21.0664,977000,1.473,975000,3.2105,974000,12.9231,973000,1,972000,27.18,970000,1.101,969000,16.1384
25307628,981000,3.55,980000,7.5599,979000,16.1503,978000,21.0664,977000,2.0835,975000,0.36,974000,13.4071,973000,34.015,972000,1.2,970000,1.101
25307629,982000,78.0255,981000,3.55,980000,7.5599,979000,16.1503,978000,5.8117,977000,0.32,975000,14.8841,974000,35.9231,973000,1,970000,1.101
25307630,982000,78.0255,981000,2.55,980000,8.5599,979000,16.1503,978000,4.317,976000,5.3022,975000,0.8196,974000,17.3578,973000,3.8,970000,1.101
25307631,982000,78.0255,981000,2.55,980000,8.5599,979000,16.1503,978000,4.7837,976000,1.0889,974000,17.3578,973000,3.8,970000,1.101,969000,20.0661
25307632,982000,79.0499,981000,2.55,980000,8.5599,979000,13.2103,978000,4.5166,975000,36.218,974000,13.1498,973000,2.6,970000,1.101,969000,18.3044
25307633,982000,77.0011,981000,2.55,980000,7.5599,979000,13.2103,978000,4.1506,976000,0.02,975000,33.622,974000,13.1498,973000,2.6,971000,2.94
25307634,982000,77.0011,981000,2.55,980000,7.5599,979000,13.2103,978000,6.0211,975000,14.7006,974000,13.1498,973000,3.8,970000,1.101,969000,16.1384
25307635,982000,78.0011,981000,2.55,980000,7.5599,979000,13.2103,978000,4.8454,975000,14.6849,974000,13.1498,973000,3.8,970000,4.041,969000,16.1384
25307636,982000,78.0011,981000,2.55,980000,9.5599,979000,13.2103,978000,4.8223,976000,0.8311,975000,13.9574,974000,13.1498,973000,3.8,971000,2.94
25307637,982000,77.0011,981000,2.55,980000,9.5599,979000,13.2103,978000,4.5953,977000,0.36,975000,15.5574,974000,13.1498,973000,2.2,971000,2.94
25307638,981000,2.55,980000,9.5599,979000,13.2103,978000,4.5953,977000,2.7787,976000,0.02,975000,14.1838,974000,14.5231,973000,5.14,970000,13.101
25307639,981000,2.55,980000,9.5599,979000,13.2103,978000,4.5953,977000,1.7481,976000,0.38,975000,35.7773,974000,17.4631,973000,2.2,970000,13.101
25307640,981000,2.55,980000,7.6265,979000,13.2103,978000,4.5953,977000,0.63,976000,4.7351,975000,22.2619,974000,17.4631,973000,2.2,970000,13.101
25307641,982000,82.5734,981000,2.55,980000,7.6265,979000,2.0682,978000,0.8268,975000,46.4369,974000,12.9231,973000,2.2,972000,2.94,970000,13.101
25307642,982000,82.5734,981000,2.55,980000,7.6265,979000,2.0682,978000,0.8268,976000,7.1192,975000,13.5559,974000,15.8631,973000,1,970000,13.101
25307644,982000,82.5734,981000,2.55,980000,7.6265,979000,2.0682,978000,0.8268,976000,0.4677,975000,13.5559,974000,14.9231,973000,1,972000,2.94
25307645,982000,81.5734,981000,2.55,980000,6.6265,979000,2.0682,978000,0.8268,975000,17.661,974000,37.9231,973000,1,972000,2.94,970000,13.101
25307646,982000,81.5734,981000,2.55,980000,8.6265,979000,2.0682,978000,0.8268,975000,13.5559,974000,14.9231,973000,1,971000,2.94,970000,13.101
25307647,982000,81.5734,981000,2.55,980000,8.6265,979000,2.0682,978000,4.8268,975000,14.0599,974000,12.9231,973000,3.8,971000,2.94,970000,13.101
25307648,982000,81.5734,981000,23.55,980000,8.6265,979000,2.0682,978000,0.8909,976000,0.0742,975000,14.0669,974000,12.9231,973000,3.8,971000,2.94
25307649,982000,80.5734,981000,2.55,980000,9.6265,979000,2.0682,978000,2.1567,975000,17.661,974000,12.9231,973000,3.8,971000,2.94,970000,1.101
25307650,982000,81.5734,981000,2.55,980000,37.6065,979000,2.3382,978000,1.8802,975000,8.9223,974000,17.0282,973000,1,972000,2.8,971000,2.94
25307651,982000,81.5734,981000,2.55,980000,8.6265,979000,2.0682,978000,1.8802,975000,8.9223,974000,17.0282,973000,3.3276,972000,1.2,971000,2.94
25307652,982000,80.5734,981000,2.55,980000,9.1525,979000,2.0682,978000,1.9237,975000,14.0274,974000,0.7122,973000,2.2276,972000,1.2,971000,2.94
25307653,982000,80.5734,981000,3.55,980000,9.1525,979000,2.0682,978000,6.05,975000,10.1531,974000,5.0873,973000,2.2276,972000,1.2,970000,1.101
25307654,982000,77.0255,981000,2.55,980000,12.0925,979000,3.1682,978000,2.4957,976000,10.3691,975000,8.9984,974000,0.7122,973000,1.7276,972000,2.8
25307655,982000,80.5734,981000,2.55,980000,42.0725,979000,2.4339,978000,2.9757,975000,8.9984,974000,0.7122,973000,30.7076,972000,2.8,970000,1.101
25307656,983000,16.3735,982000,81.5978,981000,2.55,980000,10.1525,979000,2.0424,976000,12.214,975000,8.9984,974000,0.7122,973000,2.1276,972000,1.2
25307657,982000,80.5734,981000,5.49,980000,10.1525,979000,2.6778,978000,2,976000,1.1297,975000,8.9984,974000,0.7122,973000,3.3276,972000,13.2
25307658,982000,81.5978,981000,5.49,980000,34.1525,979000,3.6778,978000,2,976000,0.6583,975000,7.9984,974000,0.7122,973000,2.5276,972000,13.2
25307659,982000,80.5734,981000,5.49,980000,34.1525,979000,3.6778,978000,2,976000,1.2759,975000,7.9984,974000,0.7122,973000,3.7276,970000,13.101
25307660,982000,81.5978,981000,5.49,980000,9.1525,979000,26.0424,978000,3.2657,976000,0.6583,975000,7.9984,974000,0.7122,973000,2.5276,970000,13.101
25307661,982000,81.5978,981000,5.49,980000,9.1525,979000,37.0424,978000,12.41,976000,0.0229,975000,7.9984,974000,0.7122,973000,2.5276,970000,14.6473
25307662,981000,5.49,980000,9.1525,979000,25.0424,978000,12,976000,0.4403,975000,7.9984,974000,3.8216,973000,34.7146,970000,18.101,969000,16.1384
25307663,981000,5.49,980000,9.1525,979000,3.0424,978000,24.3398,976000,2.9378,975000,7.9984,974000,0.7122,973000,34.7346,970000,18.101,969000,16.1384
25307664,981000,6.49,980000,9.1525,979000,2.0424,978000,25.6055,976000,2.9378,975000,7.9984,974000,0.7122,973000,34.7346,970000,6.101,969000,16.1384
25307665,981000,2.55,980000,9.1525,979000,5.4954,978000,26.2657,976000,2.9378,975000,6.5273,974000,0.7122,973000,1.7276,971000,2.8,970000,6.101
25307666,980000,9.1525,979000,2.5554,978000,29.3751,977000,3.94,976000,2.9378,974000,0.7122,973000,1.7276,971000,2.8,970000,6.101,969000,16.1384
25307667,980000,9.1525,979000,2.5554,978000,28.3751,977000,3.94,976000,2.9378,974000,0.7122,973000,9.7186,971000,28.78,970000,6.101,969000,16.1384
25307668,980000,9.1525,979000,3.0424,978000,24,977000,8.3151,976000,0.9403,974000,0.3022,973000,1.7276,971000,2.8,970000,6.6156,969000,16.1384
25307669,980000,8.1769,979000,2.0424,978000,25,977000,3.94,976000,0.9403,974000,0.9125,973000,1.7276,971000,2.8,970000,6.6156,969000,16.1384
25307670,980000,8.1769,979000,2.0424,978000,27,977000,3.94,976000,0.9403,974000,0.9173,973000,1.7276,971000,2.8,970000,6.6156,969000,16.1384
25307671,980000,8.1769,979000,2.0424,978000,29.94,977000,1,976000,0.9203,974000,0.9173,973000,1.7276,972000,1.6,971000,6.2,970000,6.6156
25307672,981000,7.1223,980000,7.1525,979000,3.0424,978000,28.94,977000,4.5555,974000,0.4567,973000,4.1472,971000,31.19,970000,1.6156,969000,16.1384
25307673,981000,8.1467,980000,7.1525,979000,3.0424,978000,28.94,977000,1,974000,1.1417,973000,2.5472,971000,32.79,970000,1.6156,969000,16.1384
25307674,981000,7.1223,980000,7.1525,979000,4.9824,978000,26,977000,4.5555,974000,0.6623,973000,2.5472,971000,29.79,970000,1.6156,969000,16.1384
25307675,981000,19.1467,980000,7.1525,979000,5.9824,978000,26,977000,4.5555,974000,0.6623,973000,2.5472,971000,7.8,970000,1.6156,969000,16.1384
25307676,981000,8.1467,980000,8.1769,979000,4.9824,978000,27,977000,1,974000,0.7651,973000,2.5472,971000,7.8,970000,1.6156,969000,16.1384
25307677,981000,8.1467,980000,8.1769,979000,27.9624,978000,4,977000,1,974000,2.8115,973000,4.5276,971000,5,970000,1.6156,969000,16.1384
25307678,981000,8.1467,980000,8.1769,979000,33.9624,978000,4,977000,1,974000,2.7897,973000,4.5276,971000,5,970000,1.6156,969000,16.1384
25307679,981000,7.1223,980000,8.1769,979000,5.9824,978000,6.0316,977000,1,974000,14.9517,973000,4.5276,971000,5,970000,1.101,969000,16.1384
25307680,981000,7.1223,980000,36.1325,979000,5.9824,978000,3,977000,1,975000,4.0299,974000,9.0907,973000,1.7276,972000,28.98,971000,5
25307681,981000,12.1223,980000,37.1325,979000,2.0424,978000,6.0316,977000,1,975000,1.2177,974000,0.9707,973000,3.1276,971000,5,970000,1.101
25307682,981000,12.1223,980000,7.1525,979000,4.9824,978000,6.0316,977000,0.4875,975000,0.7051,974000,0.9707,973000,2.5276,971000,5,970000,1.101
25307683,981000,13.1467,980000,7.1525,979000,5.9824,978000,3,977000,0.4875,975000,0.7704,974000,0.9707,973000,2.5276,971000,5,970000,1.101
25307684,981000,8.1467,980000,7.1525,979000,5.9824,978000,6.0316,977000,0.4875,975000,0.8897,974000,0.9707,973000,1.7276,972000,2.8,971000,5
25307685,981000,9.1711,980000,8.1525,979000,2.0424,978000,3.3398,977000,0.4875,975000,0.9196,974000,0.9707,973000,1.7276,972000,2.8,971000,5
25307686,981000,7.1223,980000,8.1769,979000,2.0424,978000,5.94,977000,57.8589,975000,0.4114,974000,0.9707,973000,1.7276,972000,2.8,971000,5
25307687,981000,7.1223,980000,8.1769,979000,22.0224,978000,3.94,977000,4.5191,975000,0.4114,974000,0.9707,973000,1.7276,972000,2,971000,5
25307688,980000,8.1769,979000,2.0424,978000,1,977000,2.4875,976000,2.94,975000,0.3514,974000,0.9707,973000,1.7276,971000,7.8,970000,1.101
25307689,980000,7.1525,979000,31.0324,978000,1,977000,6.5191,976000,2.94,975000,0.3086,974000,0.9707,973000,1.7276,971000,7.8,970000,1.101
25307690,981000,8.1467,980000,7.1525,979000,3.0424,978000,1.3398,977000,9.4591,975000,0.36,974000,0.9707,973000,1.7276,971000,7.8,970000,1.101
25307691,980000,7.1525,979000,30.0324,978000,1.3398,977000,4.5275,976000,2,975000,0.9786,974000,0.9707,973000,1.7276,971000,7.8,970000,1.101
25307692,980000,7.1525,979000,33.0324,978000,1.3398,977000,7.5591,976000,2,975000,0.4114,974000,0.9707,973000,4.5276,971000,5,970000,1.101
25307693,980000,7.1525,979000,5.0424,978000,1.3398,977000,4.5275,976000,2,975000,1.1147,974000,0.9707,973000,4.5276,971000,5,970000,1.101
25307694,980000,8.1769,979000,4.0424,978000,2.3398,977000,4.5275,976000,2.099,975000,1.1334,974000,0.9707,973000,4.5276,971000,5,970000,1.101
25307695,980000,7.1525,979000,5.0424,978000,4.2798,977000,1.5875,976000,2,975000,1.2362,974000,0.9707,973000,4.5276,971000,5,970000,1.101
25307696,980000,7.1525,979000,33.0324,978000,4.2798,977000,1.5875,976000,2,975000,1.339,974000,0.9707,973000,4.5276,971000,5,970000,1.101
25307697,980000,7.1525,979000,26.0424,978000,4.2798,977000,4.6191,976000,2,975000,1.3904,974000,0.9707,973000,4.5276,971000,5,970000,1.101
25307699,980000,7.1525,979000,5.0424,978000,3.94,977000,1.5875,976000,2,975000,1.4418,974000,1.7707,973000,2.9276,971000,5,970000,1.101
25307700,980000,7.1525,979000,5.0424,978000,1,977000,4.5275,976000,2,975000,1.402,974000,0.9707,973000,4.5276,971000,5,970000,1.101
25307700,980000,7.1525,979000,5.0424,978000,1,977000,4.5275,976000,2.5,975000,0.8226,974000,0.9707,973000,4.5276,971000,5,970000,1.101
25307701,980000,7.1525,979000,32.0424,978000,3.94,977000,1.5875,976000,7.2963,972000,26.0203,971000,5,970000,1.101,969000,16.1384,968000,13.8781
25307702,980000,7.1525,979000,6.9824,978000,1,977000,1.5875,976000,3.0153,973000,61.6907,972000,2.4,971000,5,970000,1.101,969000,16.1384
25307704,981000,8.1223,980000,7.1525,979000,6.9824,978000,1,977000,1.9416,975000,9.565,974000,56.4537,971000,5.0354,970000,1.101,969000,16.1384
25307705,981000,8.1223,980000,10.0925,979000,4.0424,978000,1,977000,0.4793,975000,61.5837,974000,0.7,971000,5.0354,970000,1.101,969000,16.1384
25307706,982000,1.1689,981000,10.0623,980000,8.1525,979000,4.0424,978000,2.2055,976000,0.5812,975000,60.7058,974000,0.7,971000,5.0354,970000,1.101
25307707,983000,16.3735,982000,1.1689,981000,10.0623,980000,8.1525,979000,3.1996,976000,0.5734,975000,38.7158,974000,0.7,971000,5.0354,970000,1.101
25307708,983000,16.3735,982000,1.1689,981000,10.0623,980000,8.1525,979000,6.1996,976000,4.3901,975000,36.9421,974000,0.7,971000,5.0354,970000,13.101
25307709,983000,17.3735,982000,0.1445,981000,7.1223,980000,7.1525,979000,10.1396,975000,34.9421,974000,0.7,971000,5.0354,970000,13.101,969000,16.1384
25307710,983000,17.3735,982000,0.1445,981000,7.1223,980000,10.0925,979000,7.7254,975000,34.9421,974000,0.7,971000,5.0354,970000,1.101,969000,16.1384
25307711,982000,0.1445,981000,7.1223,980000,10.0925,979000,9.2254,978000,0.5,975000,33.6421,974000,0.7,971000,5.0354,970000,13.101,969000,16.1384
25307712,982000,0.1445,981000,7.1223,980000,10.0925,979000,10.2254,978000,1,975000,35.0091,974000,0.7,971000,5.0354,970000,13.101,969000,16.1384
25307713,982000,0.1445,981000,7.1223,980000,7.1525,979000,13.1654,978000,1.6014,975000,2.3261,974000,23,973000,14.0067,971000,5.0354,970000,13.101
25307714,982000,0.1445,981000,7.1223,980000,7.1525,979000,13.1654,978000,1.6014,975000,7.4561,973000,14.2937,972000,23,971000,5.0354,970000,1.101
25307715,981000,7.1223,980000,7.1525,979000,10.2254,978000,1.6014,977000,2.94,975000,7.4561,974000,30.787,973000,2.4,971000,5.0354,970000,1.101
25307716,982000,0.1445,981000,8.1223,980000,10.0925,979000,10.1996,978000,1.6014,975000,7.4561,973000,14.5457,972000,23,971000,7.9754,970000,1.101
25307717,982000,0.1445,981000,7.1223,980000,10.0925,979000,14.1996,978000,1.918,975000,9.4091,973000,13.9967,971000,5.0354,970000,4.041,969000,16.1384
25307718,982000,0.1445,981000,7.1223,980000,10.1525,979000,21.1396,978000,1.3166,975000,9.404,973000,2.4,971000,5.0354,970000,4.041,969000,16.1384
25307719,983000,17.3979,982000,1.1445,981000,7.1223,980000,12.0925,979000,18.1996,975000,8.0357,973000,37.9151,971000,5.0354,970000,4.041,969000,16.1384
25307720,983000,17.3979,982000,1.1445,981000,7.1223,980000,12.0925,979000,18.1996,975000,8.9561,973000,30.991,972000,2.94,971000,5.0354,970000,1.101
25307721,983000,17.3979,982000,0.1445,981000,8.1223,980000,12.0925,979000,18.1996,975000,9.215,972000,30.3151,971000,5.0354,970000,1.101,969000,16.1384
25307722,982000,3.0845,981000,7.1223,980000,10.1525,979000,17.427,978000,0.5,976000,5.0592,975000,3.9261,973000,2.94,972000,27.3751,971000,5.0354
25307723,982000,0.1445,981000,8.1223,980000,8.6265,979000,17.2199,978000,0.5,976000,5.0427,975000,6.8661,972000,23,971000,5.0354,970000,1.101
25307724,982000,47.0003,981000,7.1223,980000,8.6265,979000,16.7098,978000,0.5,977000,1.0719,976000,4.4834,975000,3.8261,974000,2.94,972000,23
25307725,983000,19.3135,982000,47.0003,981000,7.1223,980000,8.6265,979000,16.1838,978000,30.9083,977000,0.4761,976000,4.4834,975000,3.8261,972000,23
25307726,983000,19.3135,982000,48.0003,981000,7.1223,980000,8.6265,979000,14.9687,977000,0.4761,976000,12.4774,975000,3.8261,974000,5.94,972000,23
25307727,983000,19.3135,982000,47.0003,981000,8.1223,980000,8.6265,979000,14.9687,977000,0.4761,976000,4.4834,975000,2.3261,974000,8.14,972000,23
25307728,983000,20.3379,982000,47.0003,981000,8.1223,980000,8.6265,979000,14.1607,977000,1.0422,976000,4.4834,975000,2.3261,974000,8.14,972000,23
25307729,983000,20.3379,982000,47.0003,981000,8.1223,980000,8.6265,979000,14.1607,977000,0.4761,976000,4.4834,975000,2.3261,974000,8.14,972000,23
25307730,983000,20.3379,982000,47.0003,981000,8.1223,980000,8.6265,979000,13.1996,978000,3.5,977000,0.4761,976000,4.9834,975000,2.3261,974000,5.14
25307731,983000,19.3135,982000,47.0003,981000,8.1223,980000,8.6265,979000,12.6975,978000,2.3759,977000,0.4761,976000,9.3585,975000,2.3261,974000,2.94
25307732,983000,19.3135,982000,47.0003,981000,7.1223,980000,8.6265,979000,9.3602,978000,2.7909,977000,0.4761,976000,4.9834,975000,2.3261,974000,2.94
25307733,984000,5.5929,983000,19.3135,982000,48.0003,981000,7.1423,980000,6.3525,979000,16.2399,978000,17.1246,976000,4.9834,975000,4.7261,973000,2.94
25307734,984000,5.5929,983000,19.3135,982000,52.5726,981000,2.57,980000,3.6807,979000,4.1683,978000,0.791,976000,28.6297,975000,6.0661,971000,39.9345
25307735,985000,198.4802,984000,8.5329,983000,16.3735,982000,54.7143,981000,3.1472,979000,3.5682,976000,27.9834,975000,6.9661,971000,39.9345,970000,18.101
25307736,984000,8.5329,983000,16.3735,982000,75.5726,981000,7.0046,980000,0.5727,979000,3.5682,976000,4.4834,975000,6.3661,971000,39.9345,970000,18.101
25307737,985000,198.4802,984000,8.5329,983000,16.3735,982000,75.5726,981000,2.5262,976000,37.3093,975000,2.3261,974000,1.1,971000,39.5296,970000,18.101
25307738,985000,198.4802,984000,8.5329,983000,16.3735,982000,76.7948,981000,1.027,980000,0.02,979000,23.8992,976000,10.3234,975000,2.3261,971000,39.5296
25307739,985000,200.529,984000,8.5329,983000,16.3735,982000,75.5726,981000,2.2492,980000,0.02,976000,41.2274,975000,2.3261,971000,39.5296,970000,18.101
25307740,985000,200.529,984000,8.5329,983000,16.3735,982000,75.5726,981000,2.2492,980000,0.02,976000,33.9917,975000,2.3261,971000,39.5296,970000,18.101
25307741,985000,200.529,984000,5.5929,983000,19.3135,982000,70.0003,981000,6.8848,976000,63.6197,975000,5.2661,971000,39.5296,970000,18.101,969000,16.1484
25307742,985000,198.4802,984000,5.5929,983000,19.3135,982000,70.0003,981000,6.948,976000,19.2484,975000,31.3061,974000,2.94,971000,39.5296,970000,18.101
25307743,985000,197.4558,984000,6.6173,983000,16.3735,982000,73.9403,981000,6.948,976000,18.3013,975000,2.3261,974000,2.94,971000,39.5296,970000,18.101
25307744,985000,198.4802,984000,5.5929,983000,16.3735,982000,71.0003,981000,7.0112,977000,26.1529,976000,7.3834,975000,2.3261,974000,2.94,971000,39.5296
25307745,985000,198.4802,984000,5.5929,983000,19.3135,982000,71.0003,981000,7.0397,976000,15.99,975000,31.3061,974000,2.94,971000,39.5296,970000,18.101
25307746,986000,22.506,985000,198.4802,984000,5.5929,983000,19.3135,982000,80.3288,976000,19.7655,974000,31.92,971000,39.5296,970000,18.101,969000,16.1484
25307747,986000,22.506,985000,198.4802,984000,5.5929,983000,19.3135,982000,80.3288,976000,19.7655,974000,31.92,971000,46.1477,970000,18.101,969000,16.1484
25307748,986000,22.506,985000,198.4802,984000,5.5929,983000,19.3135,982000,72.6428,976000,26.3114,974000,31.92,971000,46.1477,970000,6.101,969000,16.1484
25307749,986000,22.506,985000,198.4802,984000,5.5929,983000,19.3135,982000,71.7975,976000,64.6563,974000,2.94,971000,39.5296,970000,6.101,969000,16.1484
25307750,986000,22.506,985000,198.4802,984000,5.5929,983000,19.3135,982000,50.6408,976000,51.8306,975000,2.4,974000,2.94,971000,39.5296,970000,13.101
25307751,986000,23.5304,985000,198.4802,984000,5.5929,983000,16.3735,982000,24.2366,979000,11.063,977000,27.3751,976000,0.5,975000,2.94,971000,39.5296
25307752,986000,26.4704,985000,198.4802,984000,5.5929,983000,16.3735,982000,22.3894,977000,51.0951,976000,0.5,971000,39.5296,970000,13.501,969000,16.1484
25307754,986000,22.506,985000,198.4558,984000,5.5929,983000,16.3735,982000,21.3815,979000,11.3784,978000,23,977000,3.9411,976000,0.5,971000,34.9324
25307754,986000,22.506,985000,199.4558,984000,5.5929,983000,16.3735,982000,14.9037,979000,13.427,976000,28.8562,975000,5,971000,34.9404,970000,13.501
25307755,987000,16.5982,986000,22.506,985000,198.4558,984000,5.5929,983000,2.2836,979000,32.9793,976000,2.5041,975000,5.411,971000,34.5296,970000,13.501
25307756,987000,16.5982,986000,22.506,985000,198.4558,984000,5.5929,983000,1.2013,980000,9.2018,979000,15.9422,977000,22.98,976000,2.5041,975000,5.411
25307757,987000,16.6082,986000,22.506,985000,199.4558,984000,5.5929,983000,1.1341,980000,4.3033,979000,14.8422,977000,23,976000,2.0066,975000,17.4101
25307758,988000,13.2372,987000,16.6082,986000,22.506,985000,199.4558,984000,14.4668,982000,13.3035,981000,2.94,979000,17.7422,976000,2.0066,975000,5.4101
25307760,988000,13.2372,987000,16.6082,986000,22.996,985000,200.4558,984000,9.5369,983000,0.558,982000,0.5734,981000,12.1371,980000,27.93,979000,17.7422
25307760,988000,13.2372,987000,16.6082,986000,22.996,985000,198.4558,984000,13.0775,982000,3.514,981000,9.688,979000,42.3073,976000,1.0065,975000,6.7545
25307762,989000,6.2211,988000,12.3462,987000,16.6082,986000,22.506,985000,182.742,982000,1.2442,981000,14.0631,979000,14.8422,976000,4.2324,975000,5.41
25307763,988000,12.3462,987000,16.6082,986000,22.506,985000,183.7373,984000,0.409,981000,1.8627,980000,23,979000,1,975000,10.3387,971000,46.5396
25307764,989000,6.9788,988000,15.2862,987000,16.6282,986000,22.506,985000,184.3038,982000,1.1,981000,37.3141,976000,2.94,975000,6.0069,971000,46.5396
25307765,989000,6.9788,988000,15.2862,987000,16.6282,986000,22.506,985000,198.1374,981000,22.9,976000,14.3751,975000,6.0069,971000,46.5396,970000,1.501
25307766,989000,6.2211,988000,15.2862,987000,16.6282,986000,22.506,985000,190.3434,982000,11.6385,981000,47.3751,976000,14.3717,975000,5,971000,46.5396
25307767,990000,126.5124,989000,6.2211,988000,7.3462,987000,16.6282,986000,20.1622,983000,32.2263,982000,23,981000,21.0011,980000,0.5,978000,2.94
25307768,990000,123.0814,989000,6.2211,988000,7.3462,987000,16.6282,986000,11.9026,985000,34.2083,982000,10.12,981000,21.0017,980000,0.5,978000,5.6058
25307769,990000,123.0814,989000,6.2211,988000,7.3462,987000,16.6282,986000,11.7118,985000,27.5018,983000,8.186,982000,3.4031,981000,20,980000,3.44
25307770,990000,123.0814,989000,6.2211,988000,7.3462,987000,16.6282,986000,11.7118,985000,27.5018,983000,9.129,982000,2.103,981000,22.94,980000,0.5
25307771,990000,122.3815,989000,6.2211,988000,7.3462,987000,16.6282,986000,11.7118,985000,25.6855,982000,3.403,981000,22.94,980000,0.5,978000,2.1559
25307772,990000,122.3815,989000,6.2211,988000,7.3462,987000,16.6282,986000,14.3692,985000,1.8976,981000,21,980000,1.3,979000,2.94,978000,2.6783
25307773,990000,121.8725,989000,7.2211,988000,7.3462,987000,16.6282,986000,12.9011,985000,1.5054,981000,22.0039,980000,1.3,978000,2.6783,976000,10.5346
25307774,990000,121.3815,989000,6.2211,988000,7.3462,987000,16.6282,986000,17.1763,985000,1.7054,981000,22.4,980000,2.94,978000,2.6783,976000,10
25307775,990000,121.3815,989000,6.2211,988000,7.3462,987000,16.6282,986000,17.1563,985000,0.3505,982000,33.9299,981000,20,978000,2.6783,976000,10
25307776,990000,121.8725,989000,7.2211,988000,7.3462,987000,16.6282,986000,13.0389,985000,2.3505,982000,4.5299,981000,23.4039,979000,2.94,978000,2.1559
25307777,990000,124.8125,989000,7.2211,988000,7.3462,987000,16.6282,986000,28.6379,985000,2.2507,981000,28.9385,978000,5.0959,976000,10.5486,975000,23.3043
25307778,989000,7.2211,988000,7.3462,987000,16.6282,986000,48.6379,985000,5.6038,981000,7.5385,979000,1.1,978000,2.1559,977000,25.94,976000,10.5486
25307779,987000,16.6282,986000,48.1806,985000,1.3823,982000,1.9129,981000,0.7969,979000,1.5197,978000,14.4,976000,13.9447,975000,23.3043,971000,35.0744
25307780,989000,6.2211,988000,10.2862,987000,16.6282,986000,75.692,985000,0.2349,981000,4.4906,980000,2,979000,2.401,978000,2.1559,976000,14.1693
25307781,990000,121.3815,989000,6.2211,988000,10.9111,987000,16.6282,986000,57.5623,980000,2.566,979000,2.401,978000,2.1559,976000,15.1718,975000,11.8395
25307782,990000,121.3815,989000,9.1611,988000,7.9711,987000,16.6282,986000,57.5623,980000,6.2558,979000,3.0242,978000,23.1559,976000,25.4432,975000,6.8395
25307783,990000,121.3815,989000,9.1611,988000,7.3462,987000,16.6282,986000,57.382,980000,6.3752,979000,2.401,978000,3.158,977000,2.94,976000,23.0434
25307784,989000,6.2211,988000,7.3562,987000,16.6182,986000,34.482,985000,0.1612,982000,0.6213,980000,6.3752,979000,2.401,978000,3.158,976000,23.0434
25307785,989000,6.2211,988000,7.9811,987000,16.6182,986000,66.902,985000,0.1612,982000,1.2026,980000,6.7752,979000,1.701,978000,3.1581,977000,2.94
25307786,989000,6.2211,988000,7.9811,987000,16.6182,986000,28.9706,985000,3.1461,980000,17.7877,979000,1.701,978000,2.1559,977000,3.9451,976000,22.5032
25307787,989000,6.846,988000,7.3562,987000,16.6182,986000,29.9706,985000,0.1461,982000,1.5624,981000,8.147,980000,6.3952,979000,24.001,978000,6.0982
25307788,990000,121.3815,989000,6.7127,988000,7.3562,987000,17.6182,986000,17.2897,982000,4.8752,981000,23,980000,2.02,979000,1.001,978000,5.0959
25307789,991000,10.9499,990000,120.0015,989000,6.7327,988000,7.3562,987000,14.3925,985000,38.8782,983000,1.2,981000,23,980000,4.96,979000,1.001
25307790,991000,10.9499,990000,121.0015,989000,6.2411,988000,7.3562,987000,13.4925,983000,5.5752,981000,26.942,980000,30.5766,979000,1.001,978000,14.8263
25307791,991000,11.3081,990000,121.0015,989000,6.2411,988000,7.3562,987000,13.0959,984000,5.6752,983000,0.6,981000,27.9442,980000,2.02,979000,1.001
25307792,991000,11.3081,990000,121.0015,989000,6.2411,988000,7.3562,987000,6.8083,986000,1.0992,983000,3.3,981000,1.0026,980000,15.1958,979000,1.001
25307793,991000,14.2481,990000,120.0015,989000,6.2411,988000,7.3562,987000,9.0678,983000,11.754,980000,37.631,978000,2.1559,976000,11.2293,975000,18.3043
25307794,991000,11.3081,990000,121.0015,989000,6.2411,988000,7.3562,987000,22.3556,983000,12.62,980000,38.6348,979000,2.94,978000,2.7378,976000,11.2293
25307795,991000,14.2481,990000,121.0015,989000,7.2411,988000,7.3562,987000,21.1232,984000,2.02,983000,12.557,980000,13.2582,979000,2.94,978000,14.7385
25307796,991000,14.2481,990000,127.9658,989000,7.2411,988000,7.3562,987000,6.8221,986000,17.8729,985000,0.02,984000,2.02,983000,11.157,980000,14.66
25307797,993000,8.6028,992000,4.5675,991000,10.9499,990000,127.6314,989000,7.5311,988000,0.7989,987000,7.4881,986000,6.1673,985000,0.02,984000,2
25307798,992000,1.6275,991000,10.9499,990000,116.6314,989000,6.4012,986000,25.5741,983000,10.699,982000,30.3152,980000,13.8181,978000,15.361,976000,11.2293
25307799,994000,14.6262,993000,8.6028,992000,1.6275,991000,11.9499,990000,129.9631,986000,6.3762,984000,1.1,983000,1.003,981000,2.94,980000,12.8136
25307800,993000,8.2446,992000,1.9857,991000,10.9499,990000,130.7631,989000,17.6439,986000,2.9687,984000,25.3,983000,5.88,980000,13.2617,978000,14.7115
25307801,993000,8.4695,992000,1.6275,991000,10.9499,990000,141.2164,989000,13.3225,986000,7.1859,984000,2.4,983000,2.94,980000,24.802,978000,2.1559
25307802,993000,8.4695,992000,1.6275,991000,10.9499,990000,130.9164,989000,18.2731,986000,5.1711,984000,10.498,983000,23,980000,25.8079,978000,2.1559
25307803,993000,8.4695,992000,1.6275,991000,10.9499,990000,130.9164,989000,17.7758,985000,8.329,984000,34.7552,983000,2.94,980000,25.2618,978000,2.1559
25307804,993000,8.4695,992000,1.6275,991000,11.9499,990000,119.8864,989000,24.2259,985000,38.417,984000,6.3752,983000,2.94,980000,25.8102,978000,2.1559
25307805,993000,8.4695,992000,1.6275,991000,10.9499,990000,120.8864,989000,19.5134,986000,25.9579,985000,29.1,984000,4.94,980000,25.811,978000,2.1559
25307806,993000,8.4695,992000,1.6275,991000,10.9499,990000,159.2523,989000,15.642,986000,6.7752,985000,28,984000,4.94,980000,15.5752,978000,2.1559
25307807,993000,8.4695,992000,1.6275,991000,10.9499,990000,169.2523,989000,15.3729,985000,26.6817,984000,7.939,983000,2.94,982000,25.98,980000,16.13
25307808,992000,1.6275,991000,10.9499,990000,130.8864,989000,14.3985,988000,38.3659,986000,5.01,985000,2.9127,984000,25.4,980000,11.4452,978000,14.1559
25307809,992000,1.6275,991000,10.9499,990000,129.8864,989000,14.2685,988000,40.7791,985000,2.9127,984000,25.4,981000,2.94,980000,12.2516,978000,14.1559
25307810,992000,1.6275,991000,10.9499,990000,130.8864,989000,3.7844,988000,0.7155,986000,12.8341,985000,0.9127,984000,2.4,983000,23,981000,3.9442
25307811,993000,8.2446,992000,1.6275,991000,10.9499,990000,130.8864,989000,4.6687,986000,5.9182,985000,8.9127,984000,2.4,981000,1.5457,980000,26.2516
25307812,993000,11.4095,992000,1.6275,991000,10.9499,990000,132.044,989000,6.1147,985000,7.9127,984000,36.4522,981000,4.454,980000,26.2516,978000,2.1559
25307813,993000,8.2446,992000,4.5675,991000,10.9499,990000,132.544,989000,6.1367,987000,1.2701,986000,4.3752,985000,7.9127,984000,10.1942,981000,1.5063
25307814,992000,4.5675,991000,10.9599,990000,132.544,989000,5.6058,988000,4.9999,986000,1,985000,4.688,984000,33.1942,982000,28.98,981000,1.5063
25307815,991000,10.9599,990000,122.544,989000,5.6058,988000,2,987000,7.0976,986000,1.02,985000,2.1127,984000,10.1942,981000,1.0059,980000,15.0248
25307816,992000,4.5675,991000,10.9599,990000,121.544,989000,8.6057,988000,2,987000,0.9546,986000,0.02,985000,9.7357,984000,11.4942,981000,12
25307817,992000,1.8524,991000,10.9599,990000,131.544,989000,5.6058,988000,1.98,986000,0.02,985000,0.9127,984000,13.9695,980000,15.0269,979000,0.5173
25307818,992000,1.8524,991000,13.8999,990000,131.544,989000,13.5138,988000,1.98,985000,0.9127,984000,20.5072,983000,23,980000,3.0269,979000,6.3973
25307820,992000,1.6275,991000,13.8999,990000,132.544,989000,38.5037,988000,2.18,985000,3.288,984000,10.1942,983000,25.4,980000,3.5414,978000,5.0959
25307821,992000,1.6275,991000,14.1248,990000,122.544,989000,28.6058,988000,2.6314,984000,8.2975,982000,1.7753,981000,1.404,980000,2.02,978000,5.6134
25307822,992000,1.6275,991000,14.1248,990000,122.544,989000,30.5958,988000,7.072,984000,8.4054,981000,2.804,980000,2.02,978000,5.6134,977000,12
25307823,992000,1.6275,991000,14.1248,990000,122.564,989000,5.6458,988000,19.6075,979000,47.99,978000,6.2337,977000,12,976000,16.2293,975000,119.3043
25307824,992000,1.6275,991000,14.1248,990000,130.6552,989000,5.6458,988000,9.4473,981000,3,980000,33.727,978000,5.6284,977000,12,976000,16.2293
25307825,992000,1.6275,991000,14.3226,990000,121.564,989000,6.6458,988000,8.4473,982000,0.9828,981000,11.1189,978000,29.0651,977000,12,976000,16.2293
25307826,992000,1.6275,991000,14.3226,990000,121.564,989000,6.6458,988000,8.7473,983000,2.8438,982000,0.9828,981000,9.0179,979000,2.0554,978000,6.0851
25307827,992000,1.6275,991000,25.3226,990000,122.564,989000,20.6458,988000,9.2552,984000,0.67,983000,1.3,982000,8.994,981000,1.0026,979000,2.0554
25307828,992000,1.6275,991000,25.3226,990000,121.564,989000,21.6458,988000,9.2552,984000,0.2061,983000,10.341,981000,1.0021,979000,2.0554,978000,5.5668
25307829,992000,1.6275,991000,24.8999,990000,121.564,989000,20.6458,988000,9.2552,984000,0.2061,983000,2.4,982000,8.108,980000,1,979000,2.0554
25307830,992000,1.6275,991000,24.8999,990000,121.9867,989000,21.6458,988000,5.08,984000,0.6906,982000,8.867,981000,2.3037,980000,1,979000,2.0554
25307831,992000,1.6275,991000,25.3226,990000,121.564,989000,22.6458,988000,9.8552,984000,0.2947,981000,4.4073,980000,1,979000,2.0554,978000,17.5499
25307832,992000,1.6275,991000,24.8999,990000,117.569,989000,20.6458,988000,7.1696,984000,0.2061,983000,1.6,981000,1.0037,980000,1.4532,979000,2.0554
25307833,992000,1.6275,991000,24.8999,990000,116.9917,989000,21.6458,988000,9.9549,984000,0.6678,983000,5.3752,982000,23,980000,2.0037,979000,2.0554
25307834,992000,2.0502,991000,10.9599,990000,116.569,989000,23.5858,988000,9.475,987000,0.0084,984000,0.668,983000,5.3752,982000,23,980000,2.0045
25307835,992000,2.4729,991000,10.9599,990000,116.9114,989000,23.5858,988000,12.9394,985000,0.02,984000,23.478,983000,1,980000,2.4574,979000,2.0554
25307836,991000,10.9599,990000,115.9114,989000,23.6058,988000,9.675,987000,3.3213,985000,0.02,984000,0.1016,983000,31.867,980000,1,979000,2.5229
25307837,992000,2.4729,991000,10.9499,990000,116.9114,989000,23.6058,988000,13.2435,986000,0.2212,985000,0.02,984000,0.1016,983000,24,980000,2.0057
25307838,992000,2.4729,991000,10.9499,990000,115.9114,989000,23.6258,988000,13.2435,983000,1,982000,23,980000,2.0032,979000,2.9902,978000,2.1559
25307839,991000,11.3726,990000,116.9114,989000,20.6858,988000,10.441,986000,5.7425,982000,7.807,981000,53.9538,980000,1,979000,2.7228,978000,3.4232
25307840,992000,2.0502,991000,10.9499,990000,116.9114,989000,20.6858,988000,10.3035,984000,2.4,982000,36.3546,981000,24.0007,980000,2.9628,979000,2.7228
25307841,991000,11.3726,990000,116.9114,989000,20.6858,988000,10.3035,987000,2.94,984000,2.9209,982000,14.3044,981000,26.4002,980000,1,979000,2.7226
25307842,991000,10.9499,990000,121.7586,989000,20.6858,988000,10.3035,987000,2.94,984000,2.9209,982000,49.7266,981000,1.1,980000,1,979000,2.7219
25307843,991000,10.9499,990000,121.1813,989000,21.6858,988000,10.0035,987000,10.962,984000,2.2566,982000,9.035,981000,2.103,980000,1,979000,2.2554
25307844,990000,121.7586,989000,20.6858,988000,10.0035,985000,2.94,984000,7.9603,981000,35.8048,980000,1.3959,979000,2.2554,978000,3.4227,976000,19.1693
25307845,990000,124.6599,989000,21.6858,988000,9.175,985000,0.1027,983000,3.7585,981000,4.6065,980000,1.3959,979000,2.2554,978000,2.9559,976000,16.2293
25307846,989000,21.1085,988000,29.195,987000,33.832,985000,2.1027,984000,3.5267,981000,2.2065,980000,3.3974,979000,2.2554,978000,2.9559,976000,16.6982
25307847,990000,121.7576,989000,21.1085,988000,5.195,985000,2.1027,984000,25.9467,981000,2.2065,980000,1.3959,979000,5.6578,978000,2.9559,976000,16.2293
25307848,990000,121.8227,989000,20.6858,988000,6.195,985000,26.1376,984000,5.0706,980000,4.6959,979000,4.3578,978000,2.9559,976000,16.6905,975000,16.2443
25307849,990000,121.8227,989000,20.6858,988000,5.195,985000,23.1376,984000,2.83,980000,15.3717,979000,28.3554,978000,2.9559,976000,16.2293,975000,13.3043
25307850,990000,122.2454,989000,21.6858,988000,5.195,986000,23,985000,8.0776,981000,5.8374,980000,8.5746,979000,29.6554,978000,14.9659,976000,19.1693
25307851,990000,121.8227,989000,21.1085,988000,6.195,987000,45.98,985000,0.634,981000,5.1305,980000,32.1229,979000,5.6554,978000,2.9659,976000,19.6296
25307852,989000,21.1085,988000,6.195,987000,23,986000,1,985000,5.3986,981000,36.5838,980000,2.3142,979000,5.6554,978000,2.9659,976000,19.6294
25307853,989000,21.1085,988000,6.3838,987000,28.88,986000,1,985000,5.0095,982000,7.2327,981000,37.0345,980000,2.0013,979000,3.2554,978000,8.8459
25307854,989000,20.6858,988000,6.3838,987000,25.94,986000,1,985000,23.1495,982000,0.5882,981000,22.4157,980000,2.0012,979000,3.2554,978000,5.9059
25307855,989000,21.6858,988000,5.3838,987000,7.7872,986000,1,985000,14.1697,982000,8.2186,981000,48.0219,980000,1,979000,3.2554,978000,5.9059
25307856,989000,21.6858,988000,5.3838,987000,4.8472,986000,3.94,985000,14.1697,982000,8.2695,981000,38.4889,980000,1,979000,2.2554,978000,2.9659
25307857,989000,20.6858,988000,5.3838,987000,4.8472,986000,3.94,985000,7.6556,982000,13.1519,981000,32.4888,980000,1.5,979000,2.2554,978000,2.9659
25307858,989000,21.6858,988000,5.3838,987000,4.8472,986000,1,985000,10.9996,984000,0.5925,982000,0.4072,981000,9.509,980000,2.3679,979000,2.2554
25307859,990000,122.0108,989000,22.1085,988000,5.195,987000,4.8472,986000,3.94,985000,0.0612,984000,3.6173,982000,0.4072,981000,6.1075,980000,1.972
25307860,990000,122.4335,989000,20.6858,988000,28.195,987000,1,986000,0.75,985000,0.02,984000,2.0539,982000,2.8072,981000,0.102,980000,7.972
25307861,991000,10.9499,990000,122.4335,989000,20.6858,988000,33.135,987000,1,986000,0.8285,985000,0.0709,984000,1.8476,982000,2.8072,981000,0.102
25307862,991000,10.9499,990000,122.4335,989000,20.6858,988000,41.338,987000,1.5785,985000,0.9207,984000,5.6238,982000,2.8072,981000,0.102,980000,1.972
25307863,991000,10.9499,990000,122.6835,989000,20.6858,988000,41.338,987000,21.5285,985000,0.9716,984000,11.611,983000,1.3,982000,1.5072,981000,3.042
25307864,991000,11.3726,990000,122.2608,989000,23.6258,988000,7.195,987000,27.4257,985000,1.0225,984000,11.2167,982000,2.8072,981000,0.102,980000,1.972
25307865,990000,125.3408,989000,23.6258,988000,7.195,987000,3.8472,986000,46.1032,983000,0.02,982000,0.4072,981000,2.502,980000,11.15,979000,3.2618
25307866,990000,125.3408,989000,24.0485,988000,18.189,987000,34.1482,986000,15.1632,983000,0.02,982000,0.4072,981000,2.502,980000,11.15,979000,3.2619
25307867,990000,125.3408,989000,25.0485,988000,17.189,987000,35.9912,986000,15.1632,982000,0.4072,981000,2.502,980000,11.15,979000,3.2603,978000,2.9659
25307868,990000,125.7635,989000,16.08,988000,21.129,987000,26.8672,986000,15.7051,982000,1.2072,981000,1.202,980000,9.2138,979000,2.2554,978000,2.9659
25307869,990000,125.7635,989000,16.08,988000,21.129,987000,26.8672,986000,15.7151,983000,2.3901,982000,1.2072,981000,1.202,980000,12.1538,979000,2.2554
25307870,989000,16.08,988000,20.129,987000,27.8672,986000,23.0232,985000,8,984000,5.5511,982000,1.2581,981000,1.202,980000,11.15,979000,2.2554
25307871,989000,16.5027,988000,17.189,987000,26.8672,986000,20.4121,985000,2.8161,982000,1.309,981000,1.202,980000,8.21,979000,6.1991,978000,2.9659
25307872,989000,16.5027,988000,17.189,987000,26.8672,986000,20.4121,985000,2.8161,982000,0.509,981000,2.502,980000,8.21,979000,6.1991,978000,2.9659
25307873,989000,16.5027,988000,17.189,987000,26.9472,986000,17.4721,985000,5.7561,982000,0.56,981000,2.502,980000,8.21,979000,3.259,978000,2.9659
25307874,988000,17.189,987000,26.9472,986000,17.4721,985000,2.8161,984000,2.94,982000,2.6109,981000,3.5037,980000,8.21,979000,2.2554,978000,2.9659
25307875,988000,17.189,987000,26.9472,986000,17.4721,985000,2.8161,984000,2.94,983000,14.3752,982000,3.3241,981000,5.5037,980000,8.21,979000,2.2554
25307876,990000,125.7715,989000,16.08,988000,18.189,987000,26.9472,986000,20.4121,983000,10.051,982000,4.4241,981000,3.402,980000,9.2131,979000,2.2554
25307877,990000,125.7715,989000,16.08,988000,18.189,987000,26.9472,986000,20.4121,983000,10.102,982000,2.7931,981000,25.502,980000,2.9751,979000,2.2554
25307878,990000,126.7715,989000,16.08,988000,17.189,987000,26.9472,986000,25.3081,983000,22.4781,982000,4.0931,981000,32.182,980000,1.972,979000,2.2554
25307879,989000,16.08,988000,17.189,987000,26.9472,986000,5.9749,985000,2.6137,983000,33.3717,982000,4.0931,981000,3.202,980000,1.972,979000,2.2554
25307880,989000,22.08,988000,17.189,987000,29.8872,986000,5.9749,985000,13.7044,984000,0.9479,983000,56.3927,982000,5.1931,981000,2.102,980000,2.975
25307882,989000,22.08,988000,17.189,987000,29.8872,986000,5.9749,985000,13.1333,984000,3.861,983000,52.669,982000,4.0931,981000,2.102,980000,2.9755
25307883,989000,22.08,988000,17.189,987000,30.6245,986000,3.86,985000,32.504,984000,17.7405,983000,24.6038,982000,2.7931,981000,2.102,980000,2.9755
25307884,989000,23.6152,988000,17.209,987000,30.6245,986000,0.01,985000,34.2554,984000,12.832,983000,24.6038,982000,2.6619,981000,2.102,980000,2.9769
25307885,989000,23.6152,988000,17.209,987000,30.6245,986000,0.01,985000,34.0939,984000,22.3218,983000,14.6038,982000,2.6619,981000,2.102,980000,1.982
25307886,989000,24.6144,988000,17.209,987000,30.6245,986000,0.01,985000,31.4246,984000,20.3604,983000,14.6038,982000,2.6619,981000,2.102,980000,2.9861
25307887,989000,24.6144,988000,17.209,987000,30.6245,986000,0.01,985000,40.0264,984000,26.3424,983000,5.0375,982000,5.0619,981000,2.102,980000,2.9862
25307888,989000,23.6144,988000,17.209,987000,27.6845,986000,0.01,985000,38.5912,984000,12.5331,983000,5.0375,982000,5.0619,981000,2.102,980000,1.982
25307889,989000,23.6144,988000,17.209,987000,28.6845,986000,0.01,985000,42.6004,984000,12.5358,983000,5.0375,982000,5.0619,981000,2.102,980000,1.982
25307890,989000,23.6144,988000,18.209,987000,27.7584,986000,0.01,985000,21.9317,984000,12.5512,983000,5.0375,982000,5.0619,981000,2.102,980000,2.9863
25307891,989000,23.6144,988000,18.209,987000,32.5336,986000,0.01,985000,21.8317,984000,12.5512,983000,5.0375,982000,3.8619,981000,2.102,980000,2.9862
25307892,989000,23.6144,988000,18.209,987000,28.1584,986000,2.95,985000,19.4429,984000,4.1112,983000,5.0375,982000,2.6619,981000,4.502,980000,1.982
25307893,990000,122.3135,989000,23.6144,988000,17.609,987000,29.1584,986000,2.95,985000,1.063,984000,3.7512,983000,5.0375,982000,2.6619,981000,4.502
25307894,989000,23.6144,988000,18.609,987000,28.1584,986000,2.95,985000,11.3194,984000,3.7312,983000,5.0375,982000,2.6619,981000,4.502,980000,1.982
25307895,989000,23.6144,988000,17.209,987000,31.0984,986000,0.01,985000,4.9497,984000,4.7312,983000,5.0375,982000,2.6619,981000,29.492,980000,1.982
25307896,988000,17.209,987000,31.0984,986000,0.01,985000,3.5426,984000,8.351,983000,5.0375,982000,2.6619,981000,28.192,980000,2.986,979000,2.387
25307897,988000,17.6317,987000,29.0045,986000,0.1639,985000,6.7498,984000,4.9355,982000,2.6619,981000,2.102,980000,3.882,979000,2.387,978000,3.9714
25307898,987000,28.0045,986000,0.1639,985000,6.7498,984000,0.1,982000,0.003,981000,10.8818,980000,1.482,979000,28.7909,978000,3.0659,976000,28.7275
25307899,989000,18.6144,988000,18.209,987000,28.6357,986000,5.1639,985000,4.6898,982000,1.06,981000,15.0796,980000,2.9833,979000,26.487,978000,4.1659
25307900,989000,18.6144,988000,18.209,987000,27.8984,986000,29.1639,985000,7.4271,982000,1.616,981000,28.6396,980000,1.982,979000,26.487,978000,4.2659
25307901,989000,18.6144,988000,21.149,987000,27.8984,986000,12.2439,985000,13.4771,982000,1.06,981000,28.6396,980000,2.4849,979000,27.787,978000,7.1059
25307902,989000,18.6144,988000,18.209,987000,27.8984,986000,8.1039,985000,13.4771,982000,1.06,981000,28.6396,980000,1.982,979000,27.69,978000,4.1659
25307903,987000,4.8984,986000,5.1639,985000,39.4771,984000,29.099,982000,0.01,981000,21.2237,980000,5.8572,979000,33.3461,978000,3.9659,976000,18.2274
25307904,988000,18.209,987000,4.8984,986000,5.1639,985000,17.3671,984000,34.6004,981000,14.8059,980000,6.76,979000,7.9453,978000,6.3659,977000,0.5597
25307905,987000,4.8984,986000,5.1639,985000,18.3671,984000,23,983000,38.487,981000,11.8059,980000,2.3848,979000,6.9424,978000,6.3659,977000,0.5597
25307906,987000,4.8984,986000,8.1039,985000,15.4271,984000,23.9395,983000,7.487,981000,11.8059,980000,0.482,979000,6.9424,978000,6.3659,977000,0.5597
25307907,988000,17.6317,987000,4.8984,986000,9.1039,985000,38.1594,984000,9.202,981000,9.294,980000,4.8572,979000,7.5021,978000,7.369,976000,20.6942
25307908,988000,17.6317,987000,4.8984,986000,9.1039,985000,15.1594,984000,13,981000,19.7857,980000,0.482,979000,7.5021,978000,7.3688,976000,17.7542
25307909,988000,15.6317,987000,1.6512,986000,8.1039,985000,15.5594,984000,1,981000,8.8793,980000,1.4827,979000,7.5021,978000,6.3659,976000,21.1355
25307910,988000,15.209,987000,1.6512,986000,8.1039,985000,41.5056,984000,0.3885,981000,13.2545,980000,3.1419,979000,8.5021,978000,6.3659,976000,21.1355
25307911,988000,26.209,987000,4.5912,986000,5.5639,985000,41.5056,984000,3.1506,981000,20.04,980000,1.1412,979000,8.5021,978000,3.9659,976000,20.6942
25307912,988000,26.6317,987000,5.5912,986000,5.5639,985000,45.4956,984000,2.9013,980000,2.8681,979000,9.5047,978000,3.9659,976000,23.4942,975000,3.1517
25307913,988000,15.6317,987000,4.5912,986000,5.5639,985000,16.7683,984000,48.4595,980000,48.372,979000,8.5021,978000,3.9659,976000,20.6942,975000,3.1522
25307914,988000,15.6317,987000,1.6512,986000,5.5639,985000,16.7683,984000,49.5662,980000,72.4966,979000,8.5021,978000,3.9659,976000,22.8259,975000,15.1522
25307915,988000,15.209,987000,4.5912,986000,5.5639,985000,14.8221,984000,46.1049,982000,10.9724,981000,3.7492,980000,43.5032,979000,7.5021,978000,2.9659
25307916,988000,15.209,987000,5.5912,986000,5.5639,985000,14.8221,984000,45.8294,982000,15.4938,981000,2,980000,19.014,979000,8.5051,978000,2.9659
25307917,987000,5.5912,986000,5.5639,985000,14.8221,984000,57.1304,983000,12.009,982000,5.3559,981000,2,980000,11.003,979000,8.7551,978000,2.9659
25307918,987000,4.5912,986000,6.1639,985000,14.4221,984000,46.8502,983000,0.3894,982000,5.7519,981000,2,980000,11.003,979000,7.5021,978000,3.9707
25307919,987000,7.2123,986000,6.1639,985000,11.4221,984000,45.1842,983000,21.1476,981000,2.2054,980000,10.3438,979000,31.5021,978000,3.9707,977000,2.94
25307920,987000,7.2123,986000,5.1639,985000,12.4421,984000,46.1842,983000,19.282,982000,0.4642,981000,8.8542,980000,7.5438,979000,10.3021,978000,2.9659
25307921,987000,4.2723,986000,10.1239,985000,12.4421,984000,46.1842,983000,12.1204,981000,1.466,980000,7.5438,979000,7.5021,978000,5.7659,976000,23.8314
25307922,986000,10.1239,985000,13.9773,984000,46.1842,983000,12.1195,982000,0.001,981000,1,980000,7.5438,979000,6.6618,978000,5.9659,976000,23.8318
25307923,987000,5.2723,986000,10.1239,985000,13.7044,984000,3.701,983000,10.0686,982000,1.9985,981000,2.9537,980000,8.5438,979000,8.3022,978000,6.9683
25307924,987000,5.2723,986000,21.1239,985000,12.7649,984000,3.701,983000,50.4928,980000,15.6691,979000,30.3022,978000,6.9683,976000,22.8259,975000,13.411
25307925,987000,5.2723,986000,10.1239,985000,12.7649,984000,3.701,983000,35.9687,981000,2.1583,980000,18.98,979000,31.3042,978000,5.9659,976000,22.8259
25307926,987000,7.2123,986000,7.1839,985000,13.7639,984000,3.701,983000,10.4992,981000,7.43,980000,22.1853,979000,30.3022,978000,5.9659,976000,23.2345
25307927,987000,7.2123,986000,7.1839,985000,13.0368,984000,3.701,983000,8.4559,981000,8.7288,980000,18.7812,979000,31.9022,978000,4.3659,976000,23.2345
25307928,987000,7.2123,986000,18.03,985000,13.0368,984000,3.8549,983000,8.471,982000,0.0319,981000,17.9586,980000,18.7807,979000,31.9022,978000,4.3659
25307929,987000,7.2123,986000,7.03,985000,13.0368,984000,15.8549,983000,1.2295,982000,0.7349,981000,7.2533,980000,21.1093,979000,31.5022,978000,3.1659
25307930,987000,7.2123,986000,7.03,985000,13.0368,984000,3.8549,983000,2.2295,981000,5.6507,980000,28.0109,979000,32.0483,978000,3.1659,976000,23.2652
25307931,988000,27.209,987000,7.2123,986000,7.03,985000,41.0268,984000,3.8549,982000,0.7791,981000,5.2646,980000,38.3035,979000,7.4483,978000,3.1659
25307932,988000,26.209,987000,7.2123,986000,7.03,985000,35.0368,984000,3.701,981000,63.4902,980000,29.9742,979000,6.3152,978000,3.1659,976000,23.2743
25307933,987000,7.2123,986000,7.03,985000,13.0368,984000,4.3353,983000,0.0069,982000,0.7518,981000,63.1502,980000,27.6456,979000,7.9152,978000,3.1659
25307934,988000,26.209,987000,4.2723,986000,7.03,985000,41.9545,984000,1.7098,982000,1.1952,981000,72.0488,980000,235.7265,979000,6.7152,978000,3.1659
25307935,989000,37.3219,988000,15.209,987000,4.2723,986000,7.03,985000,11.5764,984000,0.0246,983000,13.0478,982000,3.7271,981000,62.6638,980000,235.7265
25307936,989000,28.0792,988000,15.209,987000,4.2723,986000,8.03,985000,8.0368,984000,8.2164,983000,10.827,982000,3.7271,981000,65.6039,980000,235.7265
25307937,989000,17.0792,988000,15.209,987000,1.6512,986000,8.03,985000,0.3179,984000,3,983000,13.7045,982000,6.9427,981000,5.2646,980000,235.2545
25307938,990000,97.1801,989000,17.0792,988000,15.209,987000,3.6512,986000,5.0002,984000,4.1569,983000,4.7175,982000,6.9427,981000,6.9361,980000,235.2545
25307939,993000,125.6673,992000,1.6275,991000,11.9749,990000,97.1801,989000,24.0115,986000,15.6018,985000,2.94,984000,28.4115,983000,4.7175,982000,4.004
25307940,993000,8.2446,992000,2.0502,991000,11.9749,990000,47.1269,989000,19.9763,985000,103.3342,984000,20.1505,983000,3.3298,982000,4.0041,981000,1.7211
25307942,992000,2.0502,991000,11.9749,990000,47.0369,989000,28.2492,988000,19.4147,985000,105.0603,984000,12.0265,983000,1.4123,982000,4.0041,981000,1.7211
25307943,993000,61.2378,992000,1.6275,991000,11.9749,990000,45.927,989000,20.6363,985000,101.9827,984000,20.0955,983000,1.4123,982000,3,981000,2.2127
25307944,993000,61.2378,992000,1.6275,991000,11.9749,990000,45.927,989000,37.2322,985000,152.3087,984000,6.9515,983000,1.4123,982000,3,981000,2.2099
25307945,993000,61.2378,992000,1.6275,991000,0.9749,990000,45.427,989000,16.2322,986000,10.7651,985000,28.1294,984000,6.9515,983000,0.2123,982000,3
25307946,993000,59.2978,992000,1.6275,991000,0.9749,990000,50.4451,989000,20.1888,986000,14.5211,985000,34.1146,984000,2.4115,983000,0.2123,982000,3
25307947,995000,150.0358,994000,1.2089,993000,59.2978,992000,9.4878,991000,1.0657,990000,8.645,988000,2.2099,987000,4.54,986000,6.0709,985000,14.1146
25307948,996000,2.1926,995000,147.0958,994000,0.7862,993000,60.2978,992000,39.8641,990000,27.4071,987000,7.729,986000,5.0709,985000,12.9187,984000,2.8911
25307949,996000,5.2034,995000,147.0958,994000,0.7862,993000,9.2446,992000,8.6706,991000,10.7188,990000,38.2614,989000,9.716,988000,26,987000,4.14
25307950,998000,29.2673,997000,7.7473,996000,1.8407,995000,147.0958,994000,4.5766,993000,16.785,992000,13.4144,991000,5.015,990000,18.699,989000,1.6
25307951,998000,32.2073,997000,4.8073,996000,1.8407,995000,147.9958,994000,23.6625,992000,31.1028,991000,7.955,990000,9.8473,989000,2.8,988000,3
25307952,997000,4.8073,996000,1.8407,995000,147.3382,994000,2.9147,993000,0.8,992000,25.0496,990000,15.1842,989000,2.8,988000,3,986000,6.5514
25307953,997000,4.8073,996000,1.8407,995000,145.339,994000,5.0883,993000,4.4957,992000,16.0016,990000,12.2442,989000,2.8,988000,3,986000,6.5111
25307954,997000,4.8073,996000,4.7807,995000,145.7945,994000,29.9663,993000,3.487,992000,1.1055,990000,12.2442,989000,5.74,988000,3,986000,6.5112
25307955,996000,1.8407,995000,148.7345,994000,6.9863,993000,1.516,992000,1.5652,990000,12.2411,989000,1.6,988000,4.2,987000,2.94,986000,1.4403
25307956,996000,1.8407,995000,144.7945,994000,33.9663,993000,4.456,992000,0.9142,990000,9.9177,988000,5.8,987000,28.98,985000,16.034,984000,1.7194
25307957,996000,1.8407,995000,145.339,994000,4.9863,993000,8.3153,992000,6.4017,990000,8.9954,989000,2.8,988000,26,987000,1.0039,985000,16.449
25307958,996000,1.8407,995000,148.229,994000,5.7061,993000,5.5933,992000,7.5204,990000,10.6079,989000,25.8,988000,3,985000,17.0138,984000,1.7194
25307959,997000,4.8073,996000,1.8407,995000,144.089,994000,4.9863,993000,5.9292,992000,0.4658,990000,10.7079,989000,25.8,988000,5.94,985000,15.594
25307960,997000,4.8073,996000,1.8407,995000,144.239,994000,5.7061,993000,1.7036,992000,29.1099,990000,37.6499,989000,2.8,988000,3,985000,15.9709
25307961,997000,4.8073,996000,1.8407,995000,144.239,994000,5.5861,993000,0.7655,992000,30.0969,990000,42.65,989000,1.2,988000,3,985000,15.9708
25307962,997000,4.8073,996000,1.8407,995000,144.239,994000,9.5265,993000,5.8841,992000,29.542,991000,1.4,990000,41.0508,988000,3,985000,15.965
25307963,996000,1.8407,995000,146.86,994000,9.4267,993000,9.1669,992000,4.7523,990000,44.9679,989000,2.8,988000,3,985000,15.8891,984000,6.8085
25307964,997000,4.8073,996000,1.8407,995000,147.86,994000,9.4267,993000,13.5422,990000,17.0479,989000,25.8,988000,3,985000,16.8853,984000,6.8085
25307965,997000,4.8073,996000,4.7807,995000,147.86,994000,13.802,993000,5.8569,991000,0.02,990000,36.311,989000,4.14,988000,3,985000,16.886
25307966,997000,7.7473,996000,1.8407,995000,147.86,994000,9.3767,993000,12.718,991000,0.02,990000,11.711,989000,13.614,988000,3,985000,17.018
25307967,996000,1.8407,995000,145.259,994000,10.3767,993000,10.571,992000,19.7706,991000,0.05,990000,11.711,989000,2.8,988000,24.99,985000,17.3805
25307968,996000,1.8407,995000,144.8478,994000,13.3167,993000,10.6734,991000,3.2522,990000,2.4536,989000,10.852,988000,3,985000,19.6493,984000,6.808
25307969,997000,4.8073,996000,4.7807,995000,145.8478,994000,10.3767,993000,10.7434,990000,7.5501,989000,32.842,988000,5.94,985000,21.0071,984000,6.808
25307970,997000,4.8073,996000,4.7807,995000,145.8478,994000,10.3767,993000,32.4603,990000,10.9874,988000,5.8,987000,2.94,985000,21.0038,984000,6.808
25307971,997000,4.8073,996000,1.8407,995000,145.8478,994000,10.3767,993000,34.9248,990000,5.5364,988000,11.3,985000,23.9441,984000,6.808,981000,1.7211
25307972,997000,5.23,996000,1.8407,995000,146.185,994000,13.3167,993000,34.1337,990000,2.6081,988000,14.6549,987000,3.943,985000,19.6493,984000,7.1591
25307973,997000,4.8073,996000,2.2634,995000,144.8478,994000,13.3167,993000,12.3423,990000,4.6416,988000,6.3549,987000,5.74,985000,20.6528,984000,6.808
25307974,997000,4.8073,996000,2.2634,995000,145.8478,994000,12.3167,993000,43.3246,988000,8.0229,987000,11.1168,985000,41.6393,984000,6.808,981000,7.9042
25307975,995000,144.8478,994000,12.3167,993000,13.9251,992000,2.6031,991000,12.0078,987000,10.1925,985000,41.1493,984000,7.1811,981000,7.5311,980000,514.4508
25307976,995000,147.7878,994000,9.3767,993000,18.5111,992000,4.6716,991000,0.9242,987000,40.933,985000,14.1528,984000,6.808,981000,9.4152,980000,515.4712
25307977,996000,2.2634,995000,153.7878,994000,9.3767,993000,38.2575,992000,7.1819,990000,0.1494,988000,7.708,987000,31.7338,985000,15.1493,984000,18.808
25307978,996000,5.2034,995000,149.8478,994000,10.3767,993000,12.4643,992000,8.9092,990000,2.1838,989000,24,988000,2.94,985000,16.1543,984000,18.808
25307979,995000,150.8478,994000,9.3767,993000,12.4643,992000,3.9535,991000,6.9572,990000,32.0445,989000,23,988000,2.94,985000,16.5383,984000,6.808
25307980,996000,5.2034,995000,152.8448,994000,10.3767,993000,22.3525,992000,0.0001,989000,2.8529,988000,5.3791,987000,2.8,986000,0.7329,985000,16.1552
25307981,996000,5.2034,995000,150.8449,994000,11.3737,993000,19.8858,992000,3.1862,989000,3.174,988000,17.093,987000,1.6,985000,16.1538,984000,6.808
25307982,997000,5.23,996000,1.8407,995000,150.8449,994000,12.3737,993000,22.2993,989000,1.7547,988000,34.5753,987000,7.6,986000,2.94,985000,16.1537
25307983,996000,1.7407,995000,151.8449,994000,11.3737,993000,29.9863,992000,26.0358,990000,7.8776,988000,11.2595,987000,9.8051,986000,6.2373,985000,18.0893
25307984,996000,2.1634,995000,150.8449,994000,12.3737,993000,29.1141,992000,23.0801,990000,1.1416,988000,8.1454,987000,17.324,986000,6.2373,985000,15.1493
25307985,996000,2.1634,995000,153.8449,994000,13.3737,993000,8.2141,992000,45.0181,988000,12.5639,987000,9.8,986000,7.8802,985000,17.3013,984000,9.748
25307986,995000,153.2676,994000,12.3737,993000,6.3139,992000,23.9976,991000,26.092,988000,7.0735,987000,10.2595,986000,9.6394,985000,15.3013,984000,8.5286
25307987,995000,153.8829,994000,11.3737,993000,7.3139,992000,20.9797,991000,23.6175,988000,0.02,987000,9.7012,986000,6.2373,985000,16.3048,984000,8.3886
25307988,994000,11.3737,993000,7.3139,992000,5.4045,991000,46.2475,990000,12.5148,986000,8.8779,985000,16.3043,984000,6.7886,983000,2.2197,982000,2.94
25307989,993000,7.3139,992000,5.4045,991000,18.2575,990000,0.065,989000,46.6347,986000,10.3155,985000,17.2033,984000,6.7886,983000,2.2197,981000,8.7585
25307990,993000,7.3139,992000,5.4045,991000,5.6975,990000,0.065,989000,49.1983,986000,0.8375,985000,41.9816,984000,6.7886,983000,5.1597,981000,8.7585
25307991,992000,6.4045,991000,5.6975,990000,5.565,989000,27.3198,988000,17.3348,985000,16.3361,984000,15.9316,983000,5.1597,981000,9.0484,980000,496.3177
25307992,992000,6.4045,991000,2.7575,990000,0.065,989000,27.3198,988000,18.4596,985000,10.8934,984000,6.5906,983000,2.2197,981000,11.9884,980000,496.3177
25307993,992000,5.4045,991000,2.7575,990000,0.065,989000,36.3028,988000,35.413,985000,2.8,984000,2.6257,983000,3.2197,981000,9.6705,980000,493.5605
25307994,992000,5.4045,991000,2.7575,990000,0.065,989000,16.3198,988000,35.9954,985000,4.6244,984000,1.1519,983000,3.2197,981000,12.6062,980000,494.5648
25307995,992000,6.4045,991000,5.6975,990000,0.065,989000,42.4385,988000,1.942,985000,2.6244,984000,1.1519,983000,4.2217,981000,9.6662,980000,496.7456
25307996,992000,6.4045,991000,5.6975,990000,0.065,989000,15.3198,988000,9.707,985000,2.2879,984000,0.5,983000,10.2142,982000,35.93,981000,9.6662
25307997,993000,9.1839,992000,0.9162,991000,2.7575,990000,0.065,989000,72.3935,985000,12.6879,984000,0.5,983000,6.1597,982000,2.831,981000,9.2773
25307998,992000,1.9162,991000,2.7575,990000,0.065,989000,15.3198,988000,40.5394,985000,6.8821,984000,0.5,983000,14.52,982000,5,981000,8.2733
25307999,991000,2.7575,990000,0.065,989000,19.4135,988000,0.2032,987000,43.8917,985000,15.4521,984000,3.44,983000,3,982000,5,981000,8.2733
25308000,992000,1.36,991000,23.7575,990000,0.065,989000,15.3198,988000,5.1405,986000,8.4546,985000,16.2323,984000,0.5,983000,6.9418,981000,2.4633
25308001,991000,2.7575,990000,7.065,989000,15.3198,988000,10.5578,987000,24.0553,985000,13.7846,984000,0.5,983000,6.9418,981000,2.4633,980000,500.961
25308002,991000,2.7575,990000,7.065,989000,15.3198,988000,11.5731,987000,0.7198,985000,14.5511,984000,0.5,983000,10.94,981000,2.4633,980000,500.9824
25308003,992000,0.36,991000,2.7575,990000,7.065,989000,15.3198,988000,34.4165,985000,20.9181,984000,5.5,983000,10.94,981000,2.7712,980000,499.7044
25308004,991000,2.7575,990000,7.065,989000,15.3198,988000,10.5578,987000,51.1144,986000,0.02,985000,19.1023,984000,0.5,983000,10.94,981000,2.7712
25308005,991000,2.7575,990000,7.085,989000,15.3198,988000,10.5578,987000,13.6054,985000,16.4523,984000,3.44,983000,3,981000,2.4633,980000,500.0087
25308006,992000,0.36,991000,2.7575,990000,37.055,989000,15.3198,988000,0.1632,987000,14.2401,986000,1.2049,985000,24.9472,984000,3.44,983000,3
25308007,993000,12.8001,992000,0.36,991000,2.7575,990000,7.085,989000,61.1298,988000,10.6968,987000,10.175,986000,4.4169,985000,15.4562,984000,3.44
