25306020,987000,13.01,986000,1.3256,985000,7.97,984000,5.5493,983000,5.6329,980000,15.0811,979000,1.1,978000,35.0721,976000,192.4002,975000,14.0462
25306021,987000,13.11,986000,1.8256,985000,25.6045,984000,26.676,983000,9.1541,981000,0.32,980000,35.591,979000,1.0016,978000,1.8521,976000,193.8712
25306022,986000,1.8256,985000,25.6045,983000,2.5357,982000,36.7659,981000,3.5108,980000,18.8879,978000,1.8521,976000,196.801,975000,16.7943,974000,1.1985
25306024,986000,1.8256,985000,25.6045,983000,2.5357,982000,6.9643,980000,51.0385,979000,0.6774,978000,0.5888,977000,2.94,976000,219.2927,975000,15.4943
25306024,985000,37.6273,983000,2.5357,982000,18.1249,980000,2.6289,979000,21.07,976000,9.2598,975000,15.1462,974000,2.1985,972000,2.2233,971000,1.1105
25306026,984000,3.9336,983000,2.5357,982000,10.5932,980000,1,979000,28.2997,977000,3.8748,976000,5.2081,975000,43.0378,974000,6.2199,972000,2.2233
25306027,984000,1,983000,2.5357,982000,8.4643,980000,1.7408,979000,2.1289,976000,66.317,975000,16.4462,974000,3.8199,972000,2.2233,971000,1.5225
25306028,983000,2.5357,982000,13.8574,980000,1,979000,5.3413,978000,2,975000,13.7762,974000,1.1985,973000,23,972000,12.6853,971000,13.1611
25306029,980000,1,979000,1.7124,978000,59.5863,977000,12.7081,975000,3.0538,973000,23.3274,972000,13.5623,971000,15.5611,968000,192.5529,967000,2
25306030,982000,7.9567,980000,17.9806,979000,1.7124,978000,37.5863,977000,35.2639,972000,5.1633,971000,43.9561,970000,2.4,968000,192.5529,967000,2
25306031,982000,7.9567,980000,1,979000,4.6524,978000,37.5863,977000,1,973000,10.4099,972000,10.2793,971000,1.1105,968000,192.5529,967000,2
25306032,983000,2.5357,982000,7.9631,980000,1,979000,1.7124,978000,36.3729,977000,3.0675,974000,23,973000,31.6602,972000,2.2233,971000,4.0505
25306033,983000,2.5357,982000,7.9567,981000,2.94,980000,4.8943,979000,2.6807,977000,2.4139,976000,3.56,974000,49.3651,973000,25.4428,972000,7.2233
25306034,985000,26.4648,983000,2.5357,982000,21.0037,981000,2.94,980000,34.2468,978000,36.7427,975000,6,974000,23,973000,25.7002,972000,2.2233
25306035,985000,28.6277,983000,2.5357,982000,25.9437,980000,12.2568,978000,10,976000,42.6231,975000,24.3,973000,24.1428,972000,2.2233,971000,1.1105
25306036,985000,28.6277,983000,2.5357,982000,24.9437,980000,12.2568,978000,1.0203,976000,63.8847,975000,10.34,973000,20.1028,972000,2.2233,971000,1.1105
25306037,986000,11.3191,985000,25.6045,984000,25.93,983000,2.5357,982000,10.3267,980000,8.8331,979000,5,977000,40.8867,976000,32.94,975000,24.3
25306038,986000,1.3256,985000,40.6451,984000,44.99,983000,2.5357,982000,5.5143,981000,45.3398,980000,1.4018,979000,12.846,977000,17.4,976000,32.94
25306039,988000,9.0293,987000,13.11,986000,1.3256,985000,29.6425,983000,39.1061,981000,25.2565,980000,1.4018,978000,9.878,977000,40.4,976000,32.94
25306040,986000,1.3256,985000,29.6425,984000,24.99,983000,16.106,981000,0.2873,980000,0.9018,978000,24.878,977000,16.0045,976000,35.34,973000,20.3747
25306041,987000,27.1506,986000,1.3256,985000,26.7025,984000,2.94,983000,17.7291,980000,1.1718,978000,21.788,977000,15,976000,35.34,973000,20.1028
25306042,989000,30.259,988000,9.0293,987000,28.0107,986000,22.3056,985000,15.7029,981000,0.27,980000,13.2066,978000,17.4,977000,16.0038,976000,32.94
25306043,988000,5.9339,987000,38.1506,986000,1.3256,985000,16.7029,984000,2.94,980000,0.356,979000,1.0012,978000,15,977000,15,976000,37.94
25306044,987000,39.0107,986000,1.3256,985000,1,983000,15.626,982000,1.3032,980000,12.8972,978000,20.3768,977000,15,976000,36.1,975000,1.5535
25306045,987000,52.1439,986000,1.3256,985000,1,983000,15.626,982000,27.19,978000,0.1,977000,19.3752,976000,30,975000,5.2363,974000,2.94
25306046,986000,2.4077,985000,1.1272,983000,15.626,982000,24.7052,980000,2.94,977000,28.17,976000,30,974000,7.4,973000,23.0428,972000,4.8644
25306047,987000,46.1506,986000,5.8331,983000,15.8339,982000,13.5961,980000,36.3401,977000,28.6532,976000,30,975000,5,974000,2.4,973000,20.1028
25306048,987000,46.1506,986000,5.8331,983000,15.626,982000,0.25,980000,46.6615,977000,5.7045,976000,30,975000,5,974000,2.4,973000,20.1028
25306049,983000,15.626,982000,1.25,980000,33.64,978000,6.1034,977000,1.5972,976000,0.9543,975000,9.3751,973000,22.5028,972000,7.8044,971000,1.1105
25306050,983000,15.626,982000,0.25,980000,34.64,979000,0.1115,978000,7.8465,975000,5,974000,23,973000,22.5028,972000,7.8044,971000,1.1105
25306051,986000,1.3256,983000,16.6199,982000,2.25,980000,61.64,978000,8.6296,973000,25.5401,972000,9.8644,971000,3.4105,970000,3.1267,968000,192.5529
25306052,987000,37.1506,986000,10.3256,982000,2.25,980000,35.4811,979000,2.2099,974000,30.0307,973000,47.1028,972000,2.2233,971000,3.4105,970000,3.1267
25306053,980000,32.5411,979000,5.88,978000,1,976000,27.3751,973000,0.0433,972000,5.88,970000,2.6904,969000,5,968000,194.9529,967000,2
25306054,982000,2.25,980000,33.5601,979000,2.94,978000,12.8879,977000,7.2697,976000,18.6568,974000,0.9287,973000,34.0035,971000,10.34,970000,2.6904
25306055,982000,2.25,980000,32.5411,979000,2.94,978000,15.2147,977000,14.593,976000,9.9494,974000,5,973000,38.5135,972000,2.2,971000,2.94
25306056,982000,3.25,980000,32.5411,979000,2.94,978000,23.4925,977000,10.594,974000,39.9875,973000,32.3135,972000,2.2,970000,3.0186,968000,192.5529
25306057,982000,4.2156,981000,0.08,980000,35.4811,978000,10.5525,977000,2.5454,976000,9.9513,975000,24.0383,974000,63.9295,973000,2.94,972000,2.2
25306058,983000,0.08,982000,3.2156,981000,0.08,980000,58.4711,978000,7.7096,975000,2.1505,974000,23.9946,973000,2.94,972000,3.203,970000,6.3401
25306059,983000,0.08,982000,3.2156,981000,3.02,980000,33.5411,978000,18.8021,975000,7,974000,23.9946,973000,4.24,972000,2.103,970000,6.3401
25306060,982000,6.27,981000,0.08,980000,32.5411,978000,18.0296,977000,7.3108,975000,9.94,974000,26.402,970000,6.677,968000,192.5529,967000,1
25306061,982000,6.27,981000,0.08,980000,32.5411,978000,18.0296,977000,26.3388,975000,7,974000,19.002,973000,2.4,970000,6.677,968000,192.5529
25306062,982000,3.2156,981000,3.02,980000,33.5411,978000,14.0296,977000,27.4938,975000,0.612,974000,18,973000,7.94,972000,3.404,970000,6.3401
25306063,981000,3.9056,980000,33.5411,978000,14.0296,977000,17.5028,976000,10.2402,974000,18,973000,31.279,971000,6.7751,970000,6.3401,968000,192.8501
25306064,982000,2.33,981000,3.9056,980000,33.5411,978000,14.0296,977000,17.4887,974000,6.4992,973000,7.3151,972000,5,971000,2.4,970000,6.3401
25306065,981000,6.7761,980000,46.5817,979000,2.94,978000,15.0296,977000,32.9887,974000,7.0033,972000,15.2311,970000,5.0904,968000,193.8528,967000,1
25306066,982000,2.33,981000,5.8905,980000,36.3667,978000,14.0296,977000,81.4196,974000,6.4281,972000,10.856,971000,5,970000,5.0904,968000,193.5588
25306067,981000,9.7161,980000,33.0411,978000,15.0296,977000,8.9887,976000,0.9892,974000,6.3677,973000,7.3151,971000,7.4,970000,32.5607,968000,192.8614
25306068,981000,9.7161,980000,33.8265,978000,15.0296,977000,22.3437,976000,2.5612,974000,6.7977,973000,7.94,970000,34.9607,968000,192.8614,967000,1
25306069,983000,0.08,982000,3.2156,981000,8.8305,980000,33.8265,978000,32.8596,974000,4.568,973000,7.94,971000,2.4,970000,32.5609,968000,192.8791
25306070,984000,0.58,983000,0.08,982000,3.2156,981000,8.8305,980000,87.4461,975000,8.0798,974000,1.4,972000,23,971000,5,970000,32.5609
25306071,983000,0.08,982000,3.2156,981000,5.8905,980000,49.301,979000,29.3068,976000,3.3988,975000,11.1751,973000,29.4,972000,18.5911,970000,36.8929
25306072,983000,0.8323,982000,2.33,981000,9.8305,980000,82.4224,979000,6.5228,976000,0.59,975000,18.8873,974000,2.94,973000,2.1029,972000,13.5471
25306073,983000,0.08,982000,2.33,981000,9.8305,980000,58.4124,979000,4.7942,976000,4.9651,975000,8.8438,974000,9.04,973000,1.0029,972000,15.9471
25306074,983000,0.08,982000,3.33,981000,8.8305,980000,55.4324,979000,20.3736,977000,3.0008,976000,0.4123,975000,8.8438,974000,10.0423,973000,1.3
25306075,983000,0.08,982000,3.33,981000,8.8305,980000,55.7324,979000,3.4249,976000,7.962,975000,13.8438,974000,34.8923,973000,2.4,970000,31.9564
25306076,983000,0.08,982000,3.33,981000,8.8305,980000,55.7324,979000,20.3492,977000,2.649,976000,4.7874,975000,9.8374,974000,11.1423,973000,1.3
25306077,983000,0.08,982000,2.33,981000,8.8305,980000,57.7324,979000,30.1132,976000,0.4123,975000,24.4219,974000,5.14,973000,1.3,970000,32.9576
25306078,984000,1.3323,983000,0.08,982000,2.33,981000,9.8305,980000,3.701,976000,46.8817,975000,21.8548,974000,5.14,970000,32.9501,969000,10
25306079,985000,6.2042,984000,1.58,983000,0.08,982000,2.33,981000,8.8294,977000,6.8288,976000,31.2741,975000,23.5571,974000,4.04,970000,31.9457
25306080,985000,5.4519,984000,0.58,983000,0.08,982000,2.33,981000,0.0048,979000,9.0772,978000,23,977000,26.8945,976000,12.8337,975000,7.0438
25306081,985000,5.4519,984000,0.58,983000,3.02,982000,2.33,981000,6.2635,979000,33.4999,977000,23.4751,976000,14.7837,975000,10.3789,974000,11.1
25306082,984000,0.58,983000,3.02,982000,2.33,981000,1.93,980000,0.4222,979000,34.5174,977000,23.4751,976000,12.3837,975000,12.7789,974000,11.1
25306084,985000,5.4519,984000,0.58,983000,3.02,982000,2.33,981000,1.93,979000,32.2773,977000,10,976000,13.6837,975000,11.4907,974000,11.1
25306085,984000,0.58,983000,0.08,982000,5.27,981000,1.5,980000,6.8353,979000,32.2031,977000,10,976000,2.71,975000,10.3907,974000,1.1
25306085,984000,0.58,983000,0.08,982000,5.27,981000,1.5,980000,6.6348,979000,30.1908,977000,10,976000,2.71,975000,9.9838,974000,11.5028
25306087,985000,5.4519,984000,0.58,983000,3.02,982000,2.33,981000,34.4876,980000,6.5218,977000,11.0017,976000,2.71,975000,9.9838,974000,11.4854
25306088,985000,7.2042,984000,0.58,983000,3.02,982000,2.33,981000,15.4359,977000,8.6286,976000,9.6657,975000,11.9838,974000,11.1,970000,3.3338
25306089,984000,0.58,983000,4.039,982000,2.33,981000,25.8813,980000,29.5696,976000,4.1452,975000,10.8243,974000,13.5,970000,3.4043,968000,192.5529
25306090,984000,1.58,983000,1.099,982000,40.2486,981000,0.5624,980000,3.0059,978000,5,977000,24.0731,976000,16.1474,975000,7.8843,974000,13.5
25306091,984000,0.58,983000,4.039,982000,0.33,981000,1.534,980000,2.0649,977000,3.6061,976000,10.8406,975000,8.3843,974000,12.4,970000,4.2887
25306092,987000,13.9961,986000,1.9856,985000,5.4519,984000,53.7901,983000,0.3303,982000,6.7155,980000,12.0256,978000,0.4769,977000,3.1009,976000,5.5896
25306093,989000,20.9679,988000,19.1214,987000,41.04,986000,1.9856,985000,0.1384,983000,7.5874,982000,18.6082,980000,1.3,979000,27.04,978000,0.4869
25306094,990000,39.772,989000,20.9679,988000,23.0614,987000,34.355,986000,24.8437,985000,10.5805,983000,13.9863,982000,64.7262,980000,13.1,979000,3.4033
25306095,991000,0.5,990000,37.772,989000,23.9079,988000,15.5738,987000,8.2409,985000,85.8779,983000,4.6111,982000,10.4719,980000,8.468,978000,2.4888
25306096,991000,0.5,990000,37.772,989000,37.8465,988000,15.5738,987000,33.2574,985000,6.6362,982000,5.5319,981000,2.94,980000,10.8404,978000,0.4769
25306097,991000,4.0476,990000,38.7915,989000,34.9065,988000,19.5138,987000,30.3674,985000,2.9886,983000,5.1111,982000,6.3747,981000,1,980000,13.84
25306098,990000,38.7915,989000,37.8465,988000,15.5738,987000,27.4059,985000,0.31,983000,0.6135,982000,23.3647,981000,27.5715,980000,8,978000,0.4769
25306099,989000,35.9065,988000,15.5738,987000,30.3574,985000,0.1351,984000,0.5314,983000,10.7343,982000,28.5,981000,3.94,980000,5.06,978000,0.4769
25306100,991000,4.0476,990000,37.772,989000,21.9679,988000,15.5738,987000,36.3021,982000,4.2711,981000,6,980000,25.66,979000,2.4,978000,0.4769
25306101,990000,38.7915,989000,20.9679,988000,15.5738,987000,5.8869,986000,23.0615,982000,4.7711,981000,14.0213,980000,31.692,979000,2.9,978000,0.4769
25306102,989000,20.9679,988000,15.5738,987000,5.8869,986000,0.0615,985000,3.05,983000,16.4686,982000,43.6556,981000,14.7753,980000,0.5,979000,0.5
25306103,988000,15.5738,987000,27.8669,986000,0.0615,985000,3.74,983000,8.0629,982000,4.2046,981000,17.3753,980000,0.5,979000,2.9,978000,3.4169
25306104,989000,20.9679,988000,16.5738,987000,9.2621,986000,0.0615,985000,2.94,982000,11.3888,981000,35.1213,980000,11.6,979000,1.8,977000,2.94
25306105,989000,20.9679,988000,16.5738,987000,4.8869,986000,0.0615,984000,5.0916,979000,31.368,978000,2.4,976000,4.1693,975000,7.0438,974000,11.1
25306106,984000,0.2583,983000,1,982000,1,980000,8.8151,976000,0.218,975000,59.3012,974000,4.771,972000,2.94,970000,3.4042,968000,192.5529
25306107,986000,11.075,984000,0.2583,983000,1,981000,23,980000,24.122,976000,7.671,975000,9.4123,974000,1.1,973000,2.4,972000,2.94
25306108,987000,3.8869,986000,10.0555,984000,1.2778,980000,36.492,979000,33.2677,976000,11.9336,975000,9.4123,974000,1.1,972000,2.4,971000,2.94
25306109,987000,12.8869,986000,10.0555,984000,11.2718,976000,25.4165,974000,1.7289,970000,35.7793,968000,3.6392,967000,1.05,965000,1.2,963000,48.8256
25306110,986000,10.0555,984000,20.2718,980000,1.5195,975000,3.94,974000,52.3271,970000,12.7793,968000,3.6392,967000,3.99,965000,11.2,963000,38.8256
25306111,984000,20.2718,980000,1.5195,975000,1,974000,1.1729,973000,26.8013,969000,1.0788,968000,1.2392,967000,1.05,966000,0.4,965000,11.2
25306112,986000,10.0555,984000,10.2523,980000,0.5,975000,53.93,974000,5.8751,971000,0.8875,969000,37.1647,968000,1.3,966000,1.1,964000,10
25306113,984000,19.2523,980000,1.5195,976000,27.99,975000,4.5585,974000,25.4351,971000,1.091,969000,16.0706,967000,2.94,964000,10,963000,32.846
25306114,980000,6.8178,975000,1.271,974000,3.3607,973000,31.3713,972000,23,969000,5.2057,967000,4.24,965000,1.1,963000,32.846,962000,11.1511
25306115,974000,0.5,973000,1,972000,0.5,971000,23,970000,1.5011,964000,27.39,963000,32.846,962000,1.1511,960000,4.1661,958000,0.2584
25306116,980000,11.6741,975000,1.271,974000,1.0195,972000,59.945,970000,8.6729,966000,31.17,965000,5,964000,6.8,963000,32.846,962000,1.1511
25306117,984000,102.2523,980000,11.6741,975000,1.271,972000,1,970000,10.2262,966000,1.5127,965000,21.2029,963000,35.246,962000,1.1511,960000,4.1661
25306118,986000,10.5194,984000,102.2523,980000,11.6741,975000,1.4798,974000,36.1982,966000,5.4112,965000,37.5012,963000,32.846,962000,1.1511,960000,4.1661
25306119,984000,117.1907,980000,12.4522,975000,2.4798,973000,8.4294,972000,4.375,966000,33.8579,965000,12.1012,963000,32.846,962000,1.1511,960000,4.1661
25306120,980000,12.4522,975000,3.271,974000,22.98,972000,12.116,971000,6.0838,968000,15.5,967000,24.0787,966000,3.9995,965000,12.6012,963000,32.846
25306121,983000,0.05,980000,11.6741,975000,3.0491,972000,27.0756,968000,2.9396,967000,2.028,965000,13.7012,963000,32.846,962000,1.4383,960000,14.1661
25306122,983000,0.05,980000,9.5,975000,4.0491,974000,11.9498,972000,36.2645,966000,9.875,965000,31.5319,963000,32.846,962000,1.4383,960000,4.1661
25306123,975000,3.3161,974000,1,972000,1.7955,971000,27,970000,40.8776,966000,9.9538,965000,38.4599,964000,2.4,963000,32.846,962000,1.1511
25306124,972000,1.7955,971000,5,970000,25.8736,969000,23,966000,2.272,965000,7.4319,964000,5,963000,55.846,962000,3.5511,960000,4.1661
25306125,972000,1.7955,971000,4,970000,1.5186,969000,13.771,965000,3.7028,963000,32.846,962000,26.5511,960000,4.1661,958000,0.2584,957000,26.5815
25306126,970000,1.5186,969000,9.176,968000,0.01,966000,22.1642,964000,1.225,963000,29.1432,962000,31.3619,960000,6.5661,958000,0.2584,957000,26.5815
25306127,968000,1.0551,965000,23,964000,0.3596,963000,4.1242,962000,1.725,960000,16.7569,959000,5,958000,0.2584,957000,28.9815,955000,2.7132
25306128,975000,10.771,970000,2.5637,968000,1.01,964000,0.7865,963000,7.4818,959000,11.4281,958000,4.2164,957000,28.9815,955000,2.7132,954000,3.118
25306129,964000,0.3696,963000,34.1482,962000,12.9984,961000,29.9636,959000,39.4703,958000,23.4684,957000,28.9815,954000,3.118,953000,1.0156,952000,1.2593
25306130,970000,1.5186,968000,1.0551,964000,0.3696,962000,15.941,961000,9.0143,960000,2.9768,958000,29.29,957000,26.5815,955000,2.4,954000,3.118
25306131,980000,93.7578,975000,10,970000,2.5186,968000,0.01,964000,0.3696,961000,25.7991,960000,23,959000,2.5444,958000,0.31,957000,26.5815
25306132,974000,3.7872,970000,2.5186,968000,1.018,964000,31.7345,963000,4.0306,961000,0.2762,959000,4.0104,958000,0.31,957000,28.9815,954000,3.118
25306133,970000,2.5186,968000,1.018,964000,24.3596,963000,8.5749,962000,3.5375,958000,1.31,957000,31.5815,955000,2.4,954000,3.118,953000,1.153
25306134,970000,10.9992,968000,1.018,964000,0.3596,963000,52.9311,960000,7.636,958000,1.31,957000,31.5815,956000,1.3,955000,1.1,954000,3.118
25306135,968000,1.018,964000,0.3596,963000,54.0889,962000,6.2171,960000,1.3329,957000,17.4473,956000,31.398,955000,2.4,954000,3.118,953000,1.0156
25306136,968000,1.018,964000,0.3596,963000,55.0889,962000,33.3549,961000,7.978,958000,2.1,957000,17.5268,956000,23,955000,2.4,954000,3.118
25306137,968000,1.018,965000,0.01,964000,0.3596,963000,55.0889,962000,118.3217,958000,6.3114,957000,17.5268,956000,23,955000,2.4,954000,3.118
25306138,968000,0.01,965000,1.018,964000,0.3596,963000,54.0989,961000,54.3449,958000,4.5652,957000,8.8887,955000,1.3,954000,4.218,953000,1.0156
25306139,970000,59.5949,968000,1.018,965000,0.01,964000,0.3596,963000,52.4433,960000,0.7,958000,41.8773,957000,8.8887,954000,5.518,953000,1.0156
25306140,974000,12.7872,970000,59.5949,968000,1.018,965000,8.4,964000,0.5596,961000,6.3365,960000,6.5207,959000,5,957000,11.2887,955000,3.7115
25306141,975000,1,974000,14.6618,970000,59.5949,969000,28.7817,966000,8.8077,965000,2.4133,964000,5,963000,4.1089,962000,24.0007,961000,8.0023
25306142,980000,5.3177,975000,1,974000,3.7872,972000,23,970000,72.4822,967000,2.2597,965000,0.6151,964000,10.499,959000,7.4694,957000,16.01
25306143,980000,10.7578,976000,2.94,975000,1,970000,62.2615,969000,21.0341,965000,0.0051,964000,23,963000,5.7209,959000,2.0035,957000,26.01
25306144,983000,0.05,980000,11.0935,975000,1.8746,973000,3.94,970000,92.7409,966000,2.94,965000,4.3801,964000,1.0038,962000,2.4,959000,7.6594
25306145,975000,1.8746,974000,2.94,973000,8.1314,970000,7.2447,969000,8.8865,966000,8.9866,965000,0.0051,964000,1.0038,962000,2.4,959000,7.6594
25306147,975000,1.8746,974000,3.94,973000,7.1314,970000,2.2477,969000,6.9539,966000,3.94,965000,0.0051,962000,2.7114,959000,7.3419,957000,26.01
25306148,975000,1.8746,974000,3.94,971000,23.01,970000,26.7431,969000,2.9954,966000,10.8538,965000,0.0051,963000,0.8,962000,0.3114,959000,7.3419
25306149,970000,7.2437,969000,1.4024,968000,30.835,966000,4.3718,965000,17.3006,963000,1.0025,960000,23,959000,10.0698,957000,30.1942,955000,10
25306150,968000,24.2413,966000,0.3357,965000,17.747,964000,16.6205,962000,3.9375,957000,32.5942,954000,3.118,953000,1.0156,952000,6.2593,951000,10.2
25306151,969000,4.9784,968000,0.01,966000,4.2757,964000,9.1414,962000,9.3649,959000,5,958000,47.99,957000,36.0342,954000,8.118,953000,11.0156
25306152,969000,4.8402,968000,1.01,966000,5.88,964000,14.4813,963000,1,960000,38.2914,958000,5.88,957000,33.0942,954000,8.118,953000,11.0156
25306153,970000,3.479,969000,1.7148,968000,0.01,967000,15.3159,964000,1.6636,961000,11.558,960000,30.8334,959000,2.4,957000,30.6942,954000,3.118
25306154,971000,0.01,970000,3.479,969000,1.7148,968000,2.95,964000,60.2593,960000,0.0794,959000,53.93,958000,1.1,957000,30.6942,954000,3.118
25306155,971000,0.01,970000,2.2477,969000,0.7148,968000,4.1813,966000,12.3952,961000,6.5452,960000,23,959000,2.94,958000,2.4,957000,32.7001
25306156,970000,2.2477,969000,1.9461,968000,10.653,964000,23,961000,2.5815,959000,7.94,957000,35.1001,954000,3.118,953000,1.0156,952000,1.2593
25306157,968000,12.1429,966000,13.94,965000,23,964000,34.48,963000,3.1588,958000,5.0195,957000,32.2001,956000,2.4,954000,3.118,953000,1.0156
25306158,966000,1.2313,964000,5,963000,6.8921,962000,1,959000,27.3749,958000,4.0341,957000,16.01,955000,4.9509,954000,4.118,953000,1.0156
25306159,968000,10.2413,964000,4,963000,1,962000,7.5735,961000,34.1187,957000,1.182,955000,67.998,954000,5.1302,953000,3.4156,952000,1.2593
25306160,968000,9.01,964000,4,963000,1.2313,962000,3.1986,961000,101.0826,957000,1.7319,956000,1.3,955000,5,954000,3.118,953000,3.4156
25306161,962000,10.057,961000,38.3173,960000,10,959000,10.8827,956000,46.1122,955000,24.3631,954000,2.6158,953000,24.4156,952000,2.5593,951000,0.2
25306162,963000,0.01,962000,10.057,961000,40.3173,960000,30.874,959000,12.0817,955000,70.9659,954000,2.6158,953000,3.9556,952000,3.6593,951000,0.2
25306163,964000,5,963000,0.01,962000,10.057,961000,37.1187,959000,31.0817,955000,72.1826,954000,6.6158,953000,3.9556,952000,2.7593,951000,0.2
25306164,959000,13.5513,958000,7.1713,957000,23,956000,0.4079,954000,3.1246,950000,26.8272,949000,1.1,948000,5.1139,947000,1.51,945000,10.7441
25306165,962000,7.117,961000,35.1187,959000,5.4696,958000,4.2313,954000,36.4605,950000,8.7681,949000,23,948000,7.5139,947000,1.51,945000,10.7441
25306166,959000,5.4696,958000,4.2313,955000,2.94,954000,1.9899,953000,3.4986,950000,13.8648,949000,23,948000,7.5139,947000,1.51,946000,2.94
25306167,959000,5.4696,958000,4.2313,955000,2.94,954000,2.1427,953000,6.2834,949000,5,948000,25.3,943000,2.94,942000,56.9826,941000,12.5
25306168,958000,6.4626,955000,2.94,954000,0.9899,953000,5.5266,952000,0.39,949000,7.2079,948000,23,947000,2.4,944000,42.1906,943000,2.94
25306169,959000,14.2111,958000,5.2313,956000,2.94,953000,1.1592,952000,1.7629,950000,2.1538,949000,17.162,948000,23,947000,2.4,944000,2.94
25306170,961000,34.2187,959000,15.4424,958000,4,954000,2.94,953000,7.2966,950000,5.4301,949000,10.162,948000,24.3,947000,1.1,943000,2.94
25306171,961000,34.2187,959000,15.4424,958000,4,955000,2.94,953000,7.2965,950000,5,949000,33.162,948000,1.7301,945000,3.0097,943000,2.95
25306172,961000,34.2187,958000,7.6521,956000,2.94,953000,9.6988,952000,2,951000,0.09,950000,8.4301,949000,30,947000,2.4,945000,3.0097
25306173,958000,3,956000,4.1713,953000,9.613,952000,61.964,951000,26.5327,949000,7,948000,1,947000,4.0501,945000,3.0097,944000,2.94
25306174,955000,2.94,954000,0.2988,953000,0.1142,952000,61.964,951000,23.3834,949000,3.0622,948000,1,947000,4.0501,945000,3.0097,943000,2.95
25306175,955000,2.94,954000,0.2988,953000,0.1142,952000,2,951000,32.9769,949000,5.01,947000,2.7441,945000,3.0097,943000,2.95,942000,57.3234
25306176,955000,4.0379,954000,0.2988,953000,0.1142,952000,2,951000,24.6642,949000,14.9187,948000,23,947000,2.6954,945000,3.0097,943000,2.95
25306177,955000,4.0379,954000,0.2988,953000,0.1142,952000,2,951000,5.9623,950000,14.4079,949000,14.0559,948000,23,947000,2.6954,945000,3.0097
25306178,958000,4,955000,2.94,954000,0.2988,953000,0.1142,952000,2,951000,5.8705,950000,1.7092,949000,5,948000,23,947000,2.4
25306179,962000,16.117,961000,1.1979,958000,5.94,955000,3.4892,954000,1.1319,949000,33.4239,947000,2.4,943000,1.1202,942000,57.3234,941000,12.5
25306180,968000,3.7201,963000,0.01,962000,16.117,961000,3.0889,958000,6.9329,957000,1.6859,949000,2.94,948000,0.3,945000,16.6863,943000,0.01
25306181,968000,4.818,963000,0.01,962000,16.117,961000,1.1,958000,19.0556,952000,9.1707,950000,28.34,948000,5.147,945000,1.2694,943000,10.01
25306182,962000,21.3281,961000,1.1979,959000,2.94,958000,4.2246,957000,13.6174,952000,7.4839,951000,8.178,950000,5.34,948000,5.147,945000,1.2694
25306183,962000,21.3281,961000,5.4887,958000,27.2246,957000,26.5574,956000,1.7334,949000,22.2308,948000,0.3,946000,21.99,945000,1.2694,943000,10.01
25306184,961000,1.0769,958000,3.3565,957000,3.0319,956000,11.7434,954000,10.3353,951000,9.3748,950000,31.029,949000,7.6004,948000,0.5332,945000,1.2694
25306185,961000,1.0769,958000,3.3565,957000,2.94,956000,1.908,954000,5.9426,951000,0.01,950000,27.2102,949000,7.6004,948000,3.4732,945000,1.2694
25306186,961000,0.1,960000,7.0811,958000,3.3565,957000,18.3612,955000,4.4334,950000,32.3748,949000,15.7709,948000,3.24,945000,1.2694,943000,0.01
25306187,961000,0.1,960000,16.0811,958000,35.2785,957000,18.2433,955000,4.4941,951000,10.9985,950000,34.156,949000,5,948000,3.4774,945000,1.2694
25306188,958000,5.2965,957000,1,955000,4.4941,954000,23.4238,951000,21.8138,950000,0.5,949000,36.104,948000,5.8774,945000,1.2694,943000,0.01
25306189,955000,4.8688,954000,0.9769,952000,7.2433,951000,22.8138,950000,2.5348,948000,9.6748,947000,25.94,946000,2.9,945000,1.2694,943000,0.2176
25306190,955000,1.9288,954000,3.9169,952000,23,951000,1,950000,8.33,947000,4.8015,945000,8.0442,943000,0.2176,942000,47.3234,941000,12.5
25306191,961000,0.1,958000,15.6844,955000,0.0607,954000,16.4517,950000,4.4213,947000,27.5782,945000,6.9011,943000,0.01,942000,47.3234,941000,12.5
25306192,958000,19.0505,955000,0.0607,954000,0.9769,953000,25.94,952000,17.8243,947000,8.7827,946000,0.3,945000,4.3194,944000,27.39,943000,0.199
25306193,955000,0.0607,954000,0.9769,953000,3.94,952000,17.8243,951000,56.0611,947000,10.4552,946000,0.3,945000,31.095,944000,2.4,943000,0.1694
25306194,955000,11.5582,954000,0.9769,953000,1,952000,36.7443,951000,10.7722,947000,2.3644,946000,0.3,945000,7.175,944000,4.54,943000,0.1694
25306195,954000,1.8204,953000,2.94,952000,0.0492,951000,39.382,950000,13.2638,947000,1.1608,946000,0.3,945000,6.3794,944000,2.94,943000,2.41
25306196,954000,1.8204,953000,2.94,952000,0.0492,951000,9.3009,950000,10.8887,947000,1.1608,946000,0.3,945000,6.3794,944000,2.94,943000,2.41
25306197,954000,0.9769,953000,3.7835,952000,0.0492,951000,0.0999,950000,78.0575,947000,0.5209,946000,4.5176,945000,6.3794,944000,24.22,943000,1.11
25306198,953000,3.7835,952000,0.0492,951000,0.0999,950000,31.1414,949000,4.0557,947000,0.5209,946000,0.3,945000,10.597,944000,2.94,943000,2.41
25306199,953000,3.94,952000,0.0492,951000,0.0999,950000,22.3525,949000,4.0557,948000,0.6095,947000,0.5209,946000,5.3,945000,14.4384,944000,3.7704
25306200,954000,2.94,953000,1,952000,0.0492,951000,0.0999,950000,0.5225,949000,2.0299,948000,4.9843,947000,5.5209,946000,0.8,945000,1.3794
25306201,961000,0.1,958000,12.2,955000,0.0607,954000,2.9249,953000,23.3534,950000,5.3133,948000,4.4043,947000,5.5209,946000,1.1362,945000,2.6794
25306202,962000,7.117,961000,0.1,958000,11.3565,955000,3.0007,954000,54.4704,950000,4.0431,948000,4.4043,947000,3.4609,946000,0.3,945000,8.3648
25306203,962000,7.117,961000,0.1,958000,11.3565,955000,0.0607,954000,31.111,950000,7.2987,949000,23,948000,1.3295,947000,3.4609,946000,1.4
25306204,962000,7.117,961000,9.1,958000,2.3565,955000,0.0607,954000,55.111,950000,1.5807,949000,5,948000,1.3295,947000,2.94,946000,1.4
25306206,961000,9.1,958000,2.3565,956000,3.6502,955000,0.0607,954000,56.111,950000,10.3404,947000,2.94,946000,1.4,945000,2.235,943000,0.6813
25306207,958000,2.3565,956000,3.6502,955000,0.0607,954000,31.111,953000,1,951000,0.01,950000,1.6904,947000,2.94,946000,2.7,945000,2.2348
25306208,957000,2.94,956000,0.7102,955000,0.0707,954000,31.111,953000,1,950000,2.3179,949000,5,947000,2.94,946000,2.7,945000,2.2348
25306209,958000,3.0667,957000,3.6502,955000,0.0707,954000,31.6952,953000,0.3,951000,0.01,950000,7.2101,949000,5,948000,2.4,947000,7.3148
25306210,961000,9.1,958000,2.3565,957000,3.3835,955000,0.0707,954000,56.3902,951000,0.0902,950000,0.9563,949000,5,948000,2.4,947000,7.3148
25306211,961000,9.1,958000,2.3565,957000,0.4435,955000,0.0707,954000,41.9087,951000,0.0802,950000,5.9563,948000,9.7148,946000,0.3,945000,3.6446
25306212,963000,0.01,962000,7.117,961000,0.1,960000,2.94,958000,3.0455,954000,0.0437,953000,2.0167,952000,7.94,951000,2.4,950000,0.0579
25306213,962000,7.117,961000,24.1614,960000,2.94,958000,9.0978,957000,1.9778,954000,60.9754,953000,2.0167,952000,6.017,950000,0.0579,946000,0.6103
25306214,968000,9.1869,963000,0.8945,962000,10.057,961000,2.1978,955000,2.8883,954000,1.0438,953000,2.0167,952000,0.3077,950000,2.4579,946000,0.3
25306215,963000,9.01,962000,7.4272,961000,1.1,960000,3.0399,959000,52.3876,953000,64.0134,952000,7.94,950000,2.7147,946000,0.3,945000,1.3794
25306216,963000,0.01,962000,7.117,961000,3.3502,960000,10.0999,959000,34.1714,952000,31.6234,951000,8.8654,950000,2.4579,946000,2.0115,945000,1.3794
25306217,963000,0.3202,962000,7.117,961000,4.04,960000,23.0999,959000,11.3425,954000,1.897,953000,7.94,952000,29.0007,951000,2.4,950000,0.3074
25306218,963000,0.01,962000,7.117,961000,4.3502,960000,0.0999,959000,12.3425,953000,4.3749,951000,6.0035,950000,1.2579,946000,2.004,945000,1.3794
25306219,961000,5.04,960000,0.1099,959000,2.3425,958000,11.6531,957000,0.59,955000,0.7936,953000,2.4,952000,8.3156,951000,5,950000,0.304
25306220,961000,13.04,960000,0.1099,959000,0.01,958000,27.59,957000,23,955000,0.7936,953000,10.3764,952000,2.94,951000,5.3669,950000,2.4579
25306221,961000,2.1,960000,0.4201,959000,9.01,958000,4.3748,957000,1.2292,952000,5.9356,951000,13.075,950000,2.4579,946000,2.1153,945000,1.3794
25306222,963000,0.01,962000,15.3284,961000,11.5437,960000,4.1792,959000,0.1099,953000,5,952000,56.758,951000,6.0006,950000,2.4579,947000,2.94
25306223,963000,0.01,962000,7.117,961000,10.0216,960000,11.95,959000,29.714,952000,26.372,951000,6.0006,950000,2.4579,947000,2.94,946000,2.0773
25306224,961000,8.3017,960000,11.95,959000,0.6429,958000,7.8869,957000,28.9829,952000,1.8313,951000,5,950000,0.0579,949000,2.4,947000,2.94
25306225,959000,0.6429,958000,21.0709,957000,12.94,956000,0.3194,955000,28.6581,949000,49.6113,947000,2.4,946000,2.027,945000,4.3194,943000,0.01
25306226,959000,0.01,958000,21.0709,957000,3.94,956000,32.2777,954000,11.1586,949000,35.872,947000,2.4,946000,1.7542,945000,4.3194,943000,0.01
25306227,958000,7.2401,957000,3.94,956000,20.9372,954000,16.3328,953000,55.979,949000,56.3629,947000,1.0054,946000,1.9724,945000,4.3194,943000,0.01
25306228,958000,1.2458,957000,1.7111,956000,23.8772,953000,32.979,950000,92.4546,949000,36.5045,946000,14.2741,945000,1.5978,944000,2.94,943000,1.31
25306229,957000,1,956000,20.6483,953000,4.989,952000,23.2777,950000,93.4546,949000,10,946000,2.843,945000,3.7794,943000,0.01,942000,85.0564
25306230,956000,9.7111,954000,2.94,953000,4.989,952000,23,950000,94.1056,949000,8.5728,946000,16.5106,945000,3.7794,943000,0.01,942000,88.004
25306231,958000,1.2458,957000,1,956000,9.7111,954000,2.94,950000,102.2863,949000,7.5245,946000,14.4862,945000,2.4794,943000,0.01,942000,87.9766
25306232,958000,1.2458,957000,1,956000,9,954000,3.5969,950000,122.2803,949000,7.6589,947000,0.0603,946000,9.8782,945000,1.3794,943000,5.35
25306233,958000,1.2458,957000,1,956000,9,954000,0.6569,950000,132.6269,948000,0.2,947000,0.0603,946000,10.8085,945000,1.3794,944000,2.4
25306234,958000,1.2458,957000,1,956000,9,955000,3.5969,950000,135.1775,947000,8.8807,946000,5.8085,945000,1.3794,943000,2.95,942000,86.1103
25306235,957000,1,956000,9,955000,4.2538,950000,120.3894,949000,6.4783,946000,0.8585,945000,5.7542,943000,3.55,942000,84.8085,941000,14.0429
25306236,957000,1,956000,9,955000,3.5969,950000,120.3894,949000,17.2933,947000,28.6,946000,0.8585,945000,1.3794,943000,1.91,942000,87.7472
25306237,957000,1,956000,9,955000,2.94,950000,129.6602,949000,8.5586,947000,28,946000,0.8585,945000,1.3794,943000,1.81,942000,86.7431
25306238,957000,1,956000,9,955000,2.94,950000,119.7802,949000,8.5586,947000,23.337,946000,0.8585,945000,1.3794,943000,2.41,942000,87.9857
25306239,960000,10.3018,959000,3.6761,958000,1.2458,955000,0.7019,950000,70.7,949000,3.4144,947000,26.5039,946000,0.8585,945000,3.7794,943000,0.01
25306240,959000,3.6761,958000,1.2458,957000,23,955000,4.5236,953000,2.3963,950000,8.0666,947000,28.9039,946000,0.8585,945000,1.3794,943000,1.0149
25306241,960000,1.8254,959000,3.6761,958000,4.1858,955000,4.232,952000,1.9193,949000,8.0519,948000,6.7298,947000,22.5145,946000,3.7985,945000,1.3794
25306242,960000,1.3018,959000,4.1997,958000,6.1858,955000,3.044,954000,3.254,950000,25.2229,949000,1.0001,947000,24.5741,946000,4.1393,945000,1.3794
25306243,958000,3.2458,955000,0.999,954000,2,953000,1.0563,952000,0.4043,951000,0.59,950000,52.9118,949000,1.0001,948000,1.1,947000,22.5173
25306244,960000,1.3018,959000,4.6761,958000,2.2458,955000,0.999,954000,5.4897,952000,0.59,950000,85.3818,949000,2.638,948000,1.1,947000,22.1741
25306245,958000,2.2458,957000,0.2301,956000,35.6,955000,0.999,954000,1.4897,953000,0.024,951000,16,950000,66.325,949000,2.6343,948000,2.94
25306246,959000,4.6761,958000,2.2458,957000,23.2301,955000,0.999,954000,3.5254,951000,21.4859,950000,57.363,949000,0.3342,948000,2.94,947000,24.5741
25306247,959000,3.6761,958000,2.2458,957000,0.2301,955000,0.999,954000,5.4486,951000,15.2775,950000,36.4699,948000,3.2307,947000,24.5741,945000,1.3794
25306248,959000,3.6761,958000,2.2458,957000,2.0536,955000,0.999,954000,1.4897,951000,15.2775,950000,36.4699,948000,24.1654,947000,2.4,945000,1.3794
25306249,959000,3.6761,958000,2.2458,957000,2.0536,955000,4.5961,954000,0.6694,951000,15.2775,950000,36.4699,948000,26.2926,947000,2.4,945000,1.3794
25306250,959000,4.6761,958000,2.2458,957000,2.0536,955000,4.5961,954000,0.0871,951000,20.6933,950000,36.4699,948000,22.2967,947000,5.34,945000,1.3794
25306251,959000,7.273,958000,3.2458,957000,23.2301,955000,7.7724,952000,2.5,950000,38.7166,948000,29.919,947000,2.7017,945000,1.3794,943000,0.01
25306252,959000,7.273,958000,3.2458,957000,23.2301,955000,7.7255,952000,0.7347,950000,37.4712,948000,44.818,947000,5.6417,945000,1.3794,943000,0.01
25306253,959000,8.6637,958000,3.2458,957000,23.2301,955000,4.1284,952000,0.3038,950000,38.7165,948000,45.318,947000,4.5483,945000,1.3794,943000,0.01
25306254,959000,12.4099,958000,3.2458,957000,23.2301,956000,3.5971,955000,6.0789,950000,56.6693,949000,0.4,948000,44.818,947000,4.5496,945000,1.3794
25306255,960000,1.3018,959000,7.273,958000,3.2458,957000,23.2301,955000,4.2424,950000,58.0185,949000,1.7,948000,44.818,947000,3.2496,945000,1.3794
25306256,961000,0.7569,960000,2.3018,959000,3.6761,958000,2.2458,957000,26.1588,954000,4.0099,951000,23.9997,950000,51.4699,949000,1.9597,948000,24.758
25306257,961000,0.7569,960000,1.3018,959000,0.01,958000,1.2458,957000,28.7279,954000,9.0654,953000,36.9237,952000,2.4,951000,23,950000,51.4699
25306258,961000,0.1,960000,1.3018,959000,0.01,958000,3.224,957000,5.8519,954000,30.269,953000,1.0007,952000,69.7003,950000,15,948000,1.1489
25306259,966000,2.94,963000,0.01,962000,8.7739,961000,1.7622,960000,6.4982,955000,11.6163,954000,28.44,953000,2.1007,952000,36.3703,948000,1.1489
25306260,967000,4.5969,963000,0.01,962000,7.117,961000,2.7622,960000,4.9843,955000,38.1168,954000,2.7725,953000,2.4,952000,36.3703,948000,0.8831
25306261,966000,2.94,963000,9.01,962000,7.117,961000,2.7622,960000,0.8432,955000,28.4819,954000,0.2725,952000,36.3703,951000,1.3,950000,1.1
25306262,965000,3.5969,963000,0.01,962000,33.107,961000,6.92,960000,6.7418,954000,30.5357,953000,2.3014,952000,36.3703,948000,1.1308,945000,11.3794
25306263,963000,0.01,962000,8.117,961000,6.92,960000,3.7219,958000,6.6899,954000,2.94,953000,3.4014,952000,36.3703,948000,1.1308,945000,11.3794
25306264,965000,3.5969,963000,0.01,962000,7.117,961000,4.0125,960000,2.3669,954000,2.94,953000,6.0014,952000,37.3591,951000,24.7978,948000,0.8831
25306265,963000,0.01,962000,7.117,961000,4.0125,960000,0.0519,959000,2.3667,955000,1.002,954000,28,953000,7.94,952000,36.3703,951000,1.7978
25306267,963000,0.01,962000,30.097,961000,4.0125,960000,0.0519,959000,8.2416,955000,1.002,954000,5,953000,8.9186,952000,36.3703,951000,1.7959
25306268,963000,0.01,962000,7.117,961000,4.0125,960000,0.0519,959000,4.8267,956000,0.01,955000,3.1731,954000,5,953000,8.9186,952000,37.6703
25306269,962000,7.117,961000,2.1,960000,0.0619,959000,2.0167,958000,7.299,954000,0.6949,953000,8.9186,952000,37.6703,951000,0.8,948000,1.0792
25306270,963000,0.6669,962000,7.117,961000,2.1,960000,0.0619,959000,8.2941,954000,2.7533,953000,5,952000,37.261,950000,2.5785,948000,0.8831
25306271,963000,0.01,962000,8.117,961000,1.1,960000,0.0619,959000,1.1957,955000,5,954000,35.232,953000,2.5739,952000,36.3703,948000,0.8831
25306272,967000,2.94,963000,0.01,962000,7.117,961000,3.4129,960000,0.0619,959000,0.0011,957000,11.6847,955000,0.3,954000,3.44,953000,2.4
25306273,968000,0.01,967000,4.5969,963000,0.01,962000,7.117,961000,0.7804,960000,0.0016,957000,9.5463,956000,5.9431,955000,5.64,954000,0.689
25306274,969000,3.6548,968000,0.6669,965000,4.67,963000,0.01,962000,8.812,960000,1,957000,18.2601,956000,2.4,955000,0.3,954000,0.7941
25306275,969000,0.7148,968000,1.6669,965000,7.7394,963000,0.01,962000,4.3103,959000,5.9,958000,3.9394,957000,1.3,955000,0.594,954000,0.5
25306276,970000,2.2477,969000,0.7148,968000,1.6669,966000,4.6269,963000,0.01,961000,1.3209,960000,4.318,959000,5,958000,1,957000,2.4
25306277,969000,0.7148,968000,0.01,966000,3.67,965000,4.2235,962000,3.2222,956000,25.4,955000,0.6,954000,0.5,952000,36.3703,948000,10.8831
25306278,969000,1.3717,968000,0.01,966000,4.67,965000,8.5984,962000,0.9149,959000,4.6762,958000,28,957000,1.0021,956000,2.791,954000,0.5
25306279,968000,0.6669,966000,4.67,964000,4.2235,963000,0.01,962000,6.6296,958000,6.001,957000,7.959,956000,2.4,954000,0.8841,952000,36.3703
25306280,969000,0.7148,968000,0.01,966000,4.67,963000,0.01,962000,1.5529,959000,0.01,958000,1.001,956000,5,955000,31.303,954000,3.2843
25306281,969000,1.3717,968000,1.01,966000,3.67,963000,0.01,962000,1.2294,960000,5.3112,959000,0.01,958000,1.0005,957000,5,956000,0.3835
25306282,969000,1.3717,968000,1.01,966000,3.67,963000,0.01,962000,2.7074,960000,2.94,959000,6.0107,958000,23,957000,6.684,955000,1.1
25306283,973000,14.88,971000,0.01,970000,2.2477,969000,1.3717,968000,5.58,961000,5.4459,959000,6.0007,958000,24.1,957000,6.684,954000,0.5
25306284,970000,2.2477,969000,0.7148,968000,1.01,967000,7.8215,966000,4.64,961000,0.01,959000,13.8635,958000,1.4861,957000,11.3788,954000,0.5
25306285,970000,2.2477,969000,1.3717,968000,0.01,966000,7.9635,965000,5.2749,960000,2.1231,959000,5,958000,8.277,957000,5,956000,2.687
25306286,970000,2.2477,969000,7.8619,968000,0.6669,966000,0.07,965000,11.3413,959000,2.94,957000,6.0047,955000,1.1,954000,0.888,952000,37.6296
25306287,969000,0.7148,968000,9.01,967000,0.6569,966000,0.07,965000,3.6509,958000,5.3304,957000,13.9496,954000,2.1881,952000,37.6296,948000,0.8831
25306288,968000,9.01,967000,7.4281,966000,0.07,965000,8.632,964000,4.96,958000,9.7304,957000,5.209,956000,2.4,954000,0.5,952000,37.6296
25306289,969000,0.7148,968000,16.1638,966000,0.07,965000,7.8879,964000,2.6516,958000,9.7304,957000,5.209,956000,2.4,954000,0.5,952000,37.6296
25306290,968000,9.8008,966000,1.07,965000,8.4153,964000,2.6516,962000,8.1741,958000,2.9098,957000,6.21,956000,0.8,955000,0.3696,954000,0.5
25306291,969000,0.7148,968000,9.8008,966000,0.07,965000,1.5938,964000,9.6115,960000,2.4327,958000,3.9098,957000,5.209,956000,3.4026,954000,0.8747
25306292,968000,0.8008,966000,1.07,965000,0.5938,964000,0.0671,963000,13.3574,960000,0.1212,959000,9.3749,958000,3.9098,957000,1.2105,956000,2.4
25306293,968000,0.01,966000,0.07,965000,5.5938,964000,4.442,962000,0.02,960000,0.2051,959000,5,958000,7.4198,957000,1.8517,956000,1.1
25306294,969000,1.6116,968000,0.01,966000,0.07,965000,0.5938,964000,4.442,958000,10.5124,957000,0.5517,955000,1.3,954000,0.5,952000,37.6296
25306295,969000,0.7148,968000,1.01,966000,0.07,965000,0.5938,964000,4.442,958000,8.5872,957000,0.4857,956000,2.4,954000,0.5,952000,37.6296
25306296,968000,1.01,967000,27,966000,0.07,965000,0.5938,964000,17.7641,958000,7.1662,957000,3.4257,956000,2.4,954000,0.5,952000,37.6296
25306297,969000,0.7148,968000,0.9068,966000,1.07,965000,0.5938,964000,11.8459,958000,3.6777,957000,6.5501,954000,0.7676,952000,37.6296,948000,10.8831
25306298,968000,0.01,966000,0.9668,965000,0.0764,964000,5.8165,963000,9.277,958000,2.7298,957000,3.149,954000,3.9044,953000,0.2637,952000,37.6296
25306299,968000,11.95,966000,0.07,965000,0.0764,964000,4.0726,958000,0.3134,957000,0.2888,956000,2.94,954000,0.5,952000,40.0296,950000,8
25306300,966000,0.07,965000,0.0764,964000,0.6456,963000,9.277,958000,0.0212,957000,0.0898,956000,2.94,954000,5.5,952000,39.4296,950000,8
25306301,966000,0.07,965000,0.0764,964000,0.1282,963000,5.85,958000,0.0212,957000,0.0898,956000,2.94,955000,5,954000,0.7385,952000,39.4296
25306302,965000,0.0764,964000,0.1282,961000,2.8821,958000,0.0212,955000,0.0032,954000,3.6785,952000,38.5296,950000,18,948000,0.8831,947000,3.7941
25306303,965000,0.0764,964000,0.1282,963000,19.3221,961000,0.01,958000,0.0212,956000,0.01,954000,4.6955,953000,1.4,952000,37.6296,950000,8
25306304,964000,1.025,962000,16.45,961000,0.01,960000,0.01,958000,7.2682,954000,1.5025,953000,1.0041,952000,37.6296,950000,9.3358,949000,1.3
25306305,961000,2.95,960000,0.01,958000,0.0212,957000,4.9649,956000,2.8721,954000,0.5,953000,1.0041,952000,37.6296,950000,8.2358,949000,2.4
25306306,961000,0.01,960000,0.9068,958000,0.0212,957000,3.8721,954000,4.9648,952000,26.7394,950000,8,949000,25.4,948000,1.8895,947000,4.0316
25306307,959000,2.94,958000,0.0212,957000,5.3748,955000,0.2667,954000,0.5799,952000,17.9805,950000,8,948000,4.2895,947000,6.9716,945000,6.7415
25306308,960000,2.95,958000,0.0212,957000,15.45,955000,0.2667,954000,0.5799,952000,17.5778,950000,8.3609,948000,6.5231,947000,3.7941,945000,6.7415
25306309,960000,3.95,958000,0.0212,956000,19.8248,955000,5.1488,954000,0.5799,953000,0.01,952000,20.0506,950000,9.0028,948000,6.8794,947000,3.7941
25306310,960000,3.95,958000,0.0212,957000,19.8348,955000,0.2667,954000,0.5799,952000,17.0779,950000,9.0028,948000,6.8794,947000,3.7941,945000,6.7415
25306311,961000,0.01,960000,0.01,958000,0.0212,957000,2.1435,956000,0.4605,952000,20.3192,951000,7.945,950000,31.3465,948000,3.5831,947000,3.7941
25306312,961000,0.01,960000,0.01,958000,0.0212,957000,2.1435,955000,1.4858,952000,18.0779,950000,92.1105,948000,1.1831,947000,13.7941,945000,6.7415
25306313,961000,1.01,960000,0.01,958000,0.0212,957000,2.1435,956000,0.6052,952000,20.3191,951000,2.94,950000,8.3463,949000,1,948000,1.1831
25306314,960000,0.01,958000,2.1547,957000,0.01,955000,0.4605,954000,0.1447,953000,0.9992,952000,19.6358,950000,14.94,949000,1,948000,1.1831
25306315,963000,17.2556,961000,0.01,960000,0.01,958000,0.0212,957000,0.01,953000,2.78,952000,20.3345,950000,12,949000,1,948000,0.8831
25306316,963000,17.2556,961000,0.01,960000,4.8921,958000,2.1547,957000,0.01,953000,2.78,952000,17.0778,951000,2.94,950000,12.8,948000,0.8831
25306317,963000,14.1709,961000,0.01,960000,0.01,958000,5.048,957000,0.01,953000,0.5387,952000,19.3191,950000,12,949000,2.4,948000,0.8831
25306318,961000,2.95,960000,19.6,959000,5.0268,958000,0.0212,957000,0.01,953000,2.9449,952000,17.0778,950000,12,949000,3.94,947000,3.7941
25306319,961000,3.95,960000,0.01,958000,0.0212,957000,2.1435,956000,0.1447,952000,15.5783,950000,8,949000,34.046,948000,2.4,947000,3.7941
25306320,963000,13.1709,961000,4.0947,960000,0.01,958000,0.0212,957000,0.059,953000,6.2414,952000,13.2376,950000,8,949000,25.94,948000,2.4
25306321,964000,0.1282,963000,13.1709,961000,2.95,960000,1.01,958000,2.3126,953000,5.7445,952000,13.2376,950000,8,949000,25.94,948000,2.4
25306322,965000,1.1012,964000,0.1282,963000,4.1709,961000,2.95,960000,0.01,953000,10.8123,952000,14.5376,950000,8,949000,25.94,947000,13.7941
25306323,964000,0.1282,963000,4.1709,961000,32.93,960000,8.6136,959000,4.8821,953000,2.985,952000,13.2376,950000,8,949000,25.94,948000,2.4
25306324,964000,9.1282,963000,27.1509,961000,3.95,960000,0.01,959000,4.3749,953000,2.8859,952000,13.2376,950000,8,949000,25.94,948000,2.4
25306325,963000,4.1709,961000,1.01,960000,8.9917,957000,4.8821,953000,3.7095,952000,13.214,950000,8,949000,31.109,948000,2.4,947000,6.7341
25306326,963000,8.1677,961000,1.01,960000,1.2069,958000,7.3148,957000,5.4721,952000,13.214,950000,38.864,948000,2.4,947000,3.7941,946000,5.88
25306328,964000,0.1282,963000,9.1925,961000,9.01,960000,22.01,957000,8.4121,952000,13.214,950000,54.9969,948000,2.4,947000,3.7941,946000,2.94
25306329,963000,8.1677,961000,9.01,960000,21.01,958000,2.94,957000,9.8469,952000,12.4722,950000,54.9969,948000,2.4,947000,3.7941,946000,2.94
25306330,963000,9.1925,961000,9.01,960000,1.01,957000,4.8821,956000,7.3148,950000,32.0772,949000,7.881,948000,23,947000,6.1941,945000,6.7415
25306331,963000,8.1677,961000,9.01,960000,8.3629,959000,24.99,957000,9.2569,950000,32.0772,948000,23,947000,6.1941,945000,6.7415,944000,2.94
25306332,963000,8.1677,961000,10.0348,960000,0.01,959000,10.6596,957000,49.7562,950000,24.2132,949000,23,948000,2.4,947000,3.7941,945000,9.6815
25306333,963000,8.1677,961000,10.0348,960000,0.01,959000,10.6596,957000,29.1462,950000,24.3736,947000,6.1941,945000,9.6815,943000,1.01,942000,48.2311
25306334,961000,9.01,960000,1.0348,959000,0.9239,958000,3.94,957000,9.2569,950000,24.3736,949000,23,947000,6.1941,945000,9.6815,943000,1.01
25306335,961000,9.01,960000,1.0348,959000,0.9239,958000,35.7607,957000,9.182,950000,24.4485,947000,15.3434,945000,9.6815,943000,1.01,942000,48.2311
25306336,961000,0.01,960000,1.0348,959000,9.9239,958000,3.94,957000,37.2579,950000,24.4485,947000,6.1941,945000,9.6815,943000,1.01,942000,48.2311
25306337,961000,1.0348,960000,0.01,959000,31.9239,958000,2.94,956000,14.7896,950000,27.4485,947000,6.1941,945000,9.6815,943000,1.01,942000,48.2311
25306338,960000,0.01,959000,10.9239,958000,21,957000,2.94,956000,12.6913,950000,24.6053,947000,29.1941,945000,9.6815,943000,1.01,942000,48.2311
25306339,961000,1.0348,960000,0.01,959000,10.9239,957000,2.94,956000,9.9833,950000,24.8053,947000,29.1941,945000,9.6815,943000,1.01,942000,48.2311
25306340,961000,0.01,960000,0.01,959000,32.9387,957000,2.94,956000,11.8242,950000,28.9041,949000,2,947000,3.7941,945000,9.6815,943000,1.01
25306341,961000,0.01,960000,0.01,959000,10.9487,958000,2.94,956000,9.5482,952000,5.2415,950000,12.6763,949000,2,947000,6.7341,945000,6.7415
25306342,963000,8.1677,961000,1.0348,960000,2.95,959000,4.1999,956000,6.6065,952000,7.0988,951000,7.815,950000,4.6053,949000,2,948000,2.94
25306343,964000,0.1282,963000,9.1925,961000,0.01,960000,3.95,959000,5.806,955000,0.8478,953000,7.0988,952000,2.4,950000,9.0264,948000,2.94
25306344,964000,0.1282,963000,9.1925,961000,2.95,960000,2.01,959000,3.2614,955000,3.6003,952000,2.1088,951000,2.4,950000,9.0264,949000,2.94
25306345,963000,9.1925,961000,3.95,960000,0.01,959000,3.7378,956000,0.08,952000,2.1088,950000,32.6053,949000,5.34,948000,0.01,947000,3.7941
25306346,963000,9.1925,961000,1.01,960000,0.01,959000,0.9853,958000,5.0286,953000,0.2562,952000,0.01,950000,32.6053,949000,2.4,948000,0.01
25306347,963000,9.1925,961000,0.01,960000,2.95,959000,1.9853,958000,3.6386,954000,0.1759,953000,5.08,952000,0.01,950000,27.6053,949000,2.4
25306348,963000,9.1925,961000,0.01,960000,3.95,959000,53.4568,958000,6.0147,954000,0.3606,953000,5.08,952000,2.41,950000,27.6053,949000,0.9978
25306349,964000,9.1282,963000,8.1677,961000,0.01,960000,2.95,959000,34.5931,954000,3.2359,953000,0.08,952000,0.01,950000,30.0053,949000,0.9978
25306350,963000,9.1224,961000,0.01,960000,2.95,959000,35.0857,958000,1.3801,954000,5.5928,953000,0.08,952000,0.01,950000,8.0096,949000,1.3152
25306351,964000,9.1282,963000,8.1677,961000,0.01,960000,0.9647,959000,25.284,954000,5.897,953000,5.08,952000,0.01,951000,1.3,950000,2.1046
25306352,963000,9.989,961000,0.01,960000,0.01,959000,6.8587,957000,0.509,954000,0.4444,953000,9.8939,952000,4.6056,950000,2.7252,949000,0.9978
25306353,963000,9.989,961000,0.01,960000,0.01,959000,3.9187,957000,3.449,954000,4.0005,953000,9.8939,952000,0.01,950000,7.3305,949000,0.9978
25306354,963000,10.989,961000,0.01,960000,0.01,959000,0.9239,957000,3.449,954000,1.8245,953000,9.8936,952000,0.01,950000,7.3597,949000,0.9978
25306355,961000,9.01,960000,0.01,959000,3.9187,957000,0.509,956000,2.94,954000,0.4444,953000,11.2737,952000,0.01,951000,1.1,950000,6.2597
25306356,963000,18.1677,961000,0.01,960000,0.01,959000,3.9187,956000,2.94,954000,0.4444,953000,1.0811,952000,0.01,951000,1.1,950000,6.2517
25306357,961000,0.01,960000,0.01,959000,4.9187,957000,2.94,956000,0.0632,954000,10.6296,953000,0.08,952000,0.01,951000,1.1,950000,8.8673
25306358,961000,0.01,960000,0.01,959000,3.9187,957000,3.1152,956000,0.1201,954000,11.2653,953000,0.08,952000,0.01,951000,1.1,950000,8.2044
25306359,959000,1.9239,957000,0.1752,956000,0.1201,955000,2.94,954000,3.2968,953000,0.08,952000,0.01,950000,6.4403,949000,0.9978,948000,0.3204
25306360,961000,5.1252,960000,0.01,959000,5.2207,956000,0.1201,955000,2.9398,952000,8.6777,951000,8.288,950000,27.0403,949000,3.3978,948000,0.3204
25306361,961000,9.01,960000,1.01,959000,4.2207,956000,0.1201,955000,3.0011,952000,4.8799,951000,5,950000,2.2375,949000,3.3978,948000,0.01
25306362,961000,13.8474,960000,0.01,959000,5.2207,956000,3.0601,955000,0.9672,952000,3.8777,951000,6.001,950000,3.2578,949000,2.0978,948000,0.2827
25306363,961000,0.01,960000,0.01,959000,5.2207,956000,0.1201,955000,1.0223,952000,7.1038,951000,6.0012,950000,1.9578,949000,3.6704,948000,0.01
25306364,960000,0.01,959000,0.9239,957000,3.2968,956000,0.1201,955000,6.6849,952000,4.9557,951000,28,950000,1.9578,949000,3.3978,948000,0.01
25306365,961000,9.01,960000,0.9647,959000,0.9239,956000,0.1201,955000,13.8813,952000,3.8777,951000,6.078,950000,1.9578,949000,3.3978,948000,0.01
25306366,961000,0.01,960000,0.9647,959000,0.9239,956000,3.0601,955000,7.6445,952000,3.8777,951000,5,950000,1.9578,949000,3.3978,948000,0.01
25306367,960000,0.01,959000,0.9239,958000,2.94,956000,0.1201,955000,8.1315,952000,2.4723,951000,6.0011,950000,25.2172,949000,3.3978,948000,0.01
25306368,960000,0.01,959000,1.9239,958000,2.94,956000,1.1201,955000,2.131,952000,2.5223,951000,15.258,950000,24.9578,949000,3.6559,948000,0.01
25306369,960000,0.01,959000,1.9239,958000,2.94,956000,1.1201,955000,1.6435,952000,6.0161,951000,6.0015,950000,25.2166,949000,3.3978,948000,0.01
25306370,959000,1.9239,958000,2.94,956000,1.1201,955000,3.9496,953000,0.2944,952000,3.1931,951000,6.0015,950000,25.2166,949000,3.3978,948000,0.01
25306371,963000,17.1677,961000,0.01,960000,0.01,959000,9.2388,956000,1.1201,955000,4.7893,952000,2.4723,951000,29.0015,950000,3.2578,949000,2.0978
25306372,964000,0.1282,963000,17.1677,961000,0.01,960000,0.01,959000,5.4273,955000,2.4768,952000,3.4745,951000,8.4015,950000,6.9326,949000,0.9978
25306373,964000,1.0829,963000,18.1677,961000,0.01,960000,0.01,959000,6.45,955000,7.5754,953000,5,952000,2.603,951000,2.6591,950000,6.9326
25306374,964000,1.0829,963000,18.1677,961000,0.01,960000,0.01,959000,3.51,955000,3.4769,952000,4.3918,951000,2.6591,950000,6.9326,949000,0.9978
25306375,964000,9.1282,963000,9.1224,961000,3.95,960000,0.01,959000,3.51,955000,4.7344,952000,25.603,951000,2.6672,950000,4.8663,949000,3.9378
25306376,964000,1.0829,963000,9.1677,961000,2.95,960000,0.01,959000,3.51,955000,6.5585,953000,28,952000,3.8699,951000,2.4,950000,4.8933
25306377,964000,10.0829,963000,9.1677,961000,2.95,960000,0.01,959000,5.51,955000,6.4204,953000,28,952000,3.8699,951000,2.4,950000,4.8933
25306378,964000,10.0829,963000,9.1677,961000,2.95,960000,0.01,959000,5.51,955000,6.63,954000,6.001,953000,23,952000,3.8616,951000,2.4
25306379,960000,0.01,959000,2.9239,957000,2.94,956000,8.1562,955000,16.973,954000,1.001,953000,5,952000,3.8616,951000,2.4,950000,4.8933
25306380,963000,15.001,961000,0.01,960000,0.01,959000,6.6322,956000,2.94,953000,2.8326,952000,3.603,950000,5.155,949000,4.3978,948000,1.01
25306381,961000,9.01,960000,0.01,959000,6.4672,957000,0.165,956000,2.94,953000,2.8326,952000,3.603,950000,5.155,949000,4.3978,948000,1.01
25306382,961000,0.01,960000,0.01,959000,5.8134,956000,0.165,955000,2.2209,953000,0.04,952000,3.9266,951000,1.2726,950000,5.8966,949000,4.637
25306384,961000,0.01,960000,0.01,959000,5.8134,957000,0.165,955000,3.0473,953000,0.64,952000,3.9266,951000,1.818,950000,7.7132,949000,5.3783
25306385,963000,9.1224,961000,0.01,960000,0.01,959000,5.8134,955000,2.94,953000,9.047,952000,29.3266,951000,1.818,950000,7.7132,949000,4.0691
25306386,963000,9.1677,961000,0.01,960000,0.01,959000,3.772,956000,2.8423,954000,7.5537,953000,0.04,952000,12.8191,951000,1.818,950000,6.7113
25306387,963000,9.1677,961000,0.01,960000,0.01,959000,2.2701,956000,2.6949,955000,3.5248,954000,6.9542,953000,5.04,952000,6.4507,951000,1.818
25306388,963000,9.1677,961000,0.01,960000,0.01,959000,3.7721,956000,1.5949,955000,0.0519,954000,9.8271,953000,5.04,952000,6.4507,951000,1.818
25306389,963000,18.1677,961000,0.01,960000,0.01,959000,2.2701,956000,1.5949,955000,0.0519,954000,11.9766,953000,5.04,952000,6.1902,951000,2.0973
25306390,963000,19.1677,961000,0.01,960000,0.01,959000,3.7721,956000,1.5949,955000,0.0519,954000,11.9893,953000,5.04,952000,6.1902,951000,2.095
25306391,963000,19.1677,961000,0.01,960000,0.01,959000,3.7721,956000,1.5949,955000,0.0519,954000,9.2728,953000,5.04,952000,6.1902,951000,2.095
25306392,963000,18.1677,961000,0.01,960000,1.512,959000,2.2701,957000,8.94,955000,2.894,954000,6.0009,953000,0.04,952000,6.1902,951000,2.0964
25306393,963000,10.1677,961000,0.01,960000,0.01,959000,2.2701,957000,0.2755,956000,3.4456,955000,0.0519,954000,6.3,953000,0.04,952000,6.1616
25306394,965000,4.0914,964000,0.1282,963000,9.4251,962000,1.2596,961000,2.94,958000,1.5945,956000,9.9248,955000,1.0529,953000,0.3311,952000,5.9798
25306395,966000,0.07,965000,4.0914,964000,0.1282,963000,8.4251,962000,1.3945,961000,3.3851,960000,10.5724,959000,0.2,958000,34.5,956000,3.0248
25306396,966000,0.07,965000,4.0914,964000,0.1282,963000,8.4251,962000,2.2665,961000,1.4104,960000,9.1526,959000,0.2,958000,5.4,956000,2.806
25306397,966000,0.07,965000,4.0914,964000,0.1282,963000,4.9657,962000,7.1465,961000,0.8104,960000,4.9517,959000,2.0018,958000,4.1,956000,4.9
25306398,966000,0.07,965000,31.0714,964000,0.1282,963000,4.9657,962000,7.4674,961000,0.8623,960000,4.9517,959000,1,958000,4.1,956000,5.905
25306399,966000,0.07,965000,5.0914,964000,0.1282,963000,4.9657,962000,7.2674,961000,5.2372,960000,27.9517,959000,2.1,958000,5.4,956000,2.5
25306400,966000,0.08,965000,4.0914,964000,0.1282,963000,4.9657,962000,7.5054,961000,11.9115,960000,34.8796,959000,3.4,958000,4.1,956000,2.5
25306401,966000,0.08,965000,4.0914,964000,0.1282,963000,4.9657,962000,2.7129,961000,11.2417,960000,34.8794,959000,3.4,958000,4.1,956000,2.9165
25306402,968000,0.01,966000,0.08,965000,4.0914,964000,0.1282,963000,7.6199,961000,12.2003,960000,2.9,959000,24.4,958000,4.1,956000,5.44
25306403,968000,0.01,966000,0.08,965000,4.0914,964000,3.0682,963000,0.9407,961000,11.7658,960000,2.9,959000,30.4,958000,4.1,956000,5.8541
25306404,970000,4.1308,969000,1.7148,968000,0.01,966000,0.08,965000,8.9686,964000,25.8805,963000,33.04,962000,7.4238,961000,1.8396,960000,2.9
25306405,978000,0.8214,975000,13.01,971000,0.01,970000,3.3094,969000,3.3286,967000,1.2237,966000,8.048,965000,32.0569,964000,0.0476,963000,2.4765
25306406,975000,13.01,971000,2.95,970000,3.3094,969000,0.7148,968000,8.7864,966000,2,965000,9.4162,964000,0.0476,963000,7.8165,962000,0.0238
25306407,975000,12.01,971000,0.9647,970000,3.3094,969000,5.8942,968000,0.05,965000,2.9186,964000,7.0476,963000,10.373,962000,1.2238,961000,1.5579
25306408,975000,12.9647,971000,0.01,970000,4.3094,969000,3.8022,968000,0.05,965000,4.2275,962000,2.202,961000,2.9919,955000,0.4503,954000,10
25306409,975000,13.9647,971000,0.01,970000,3.3094,969000,3.6548,968000,9.1126,965000,35.4581,964000,6.3,963000,1.0022,962000,0.6,961000,2.9681
25306410,970000,3.3094,969000,0.7148,967000,2.94,966000,12.5425,965000,18.1759,963000,1.0022,961000,1.3,960000,1.1,959000,2.94,955000,0.01
25306411,975000,3.01,971000,9.01,970000,4.3978,969000,10.7647,964000,0.01,960000,4,957000,2.4,955000,0.01,953000,0.01,952000,4.0313
25306412,971000,0.01,970000,6.3306,969000,10.8032,967000,5.3749,964000,2.94,961000,35.6995,959000,2.4,956000,2.94,955000,0.01,953000,0.01
25306413,978000,92,975000,12.982,971000,0.01,970000,10.6244,969000,0.7148,965000,1.1,962000,23,961000,4.7825,960000,2.94,955000,0.51
25306414,975000,5.937,971000,37.93,970000,3.3094,969000,13.0609,968000,0.7265,965000,0.5902,964000,3.6485,962000,2.4,961000,1.5401,960000,2.94
25306415,978000,92,975000,4.937,971000,11.95,970000,4.3094,969000,3.9125,965000,12.0387,962000,3.4067,961000,1.159,960000,7.0415,955000,0.8907
25306416,978000,92,975000,13.937,971000,3.95,970000,3.3094,969000,4.1944,966000,3.404,965000,5.3802,962000,3.4037,961000,1.159,960000,7.1475
25306417,975000,14.937,971000,2.95,970000,3.3094,969000,1.1648,968000,4.8471,967000,5,966000,37.9219,965000,7.7802,962000,3.3007,961000,1.159
25306418,972000,2.94,971000,0.01,970000,3.3094,969000,0.6148,968000,0.2605,967000,5,966000,37.923,965000,7.7802,962000,3.3016,961000,1.159
25306419,975000,5.937,972000,2.94,971000,0.01,970000,3.3094,969000,0.1143,967000,12.2647,966000,1.8303,965000,7.7802,962000,3.2968,961000,1.159
25306420,975000,4.01,972000,2.94,971000,0.01,970000,3.3094,969000,0.0194,967000,37.329,966000,0.83,965000,7.19,962000,3.3524,961000,1.159
25306421,977000,1.972,975000,3.01,973000,2.94,971000,0.01,970000,2.0609,969000,88.8465,968000,8.78,967000,0.5902,966000,2.5381,965000,4.79
25306422,977000,1,975000,3.01,973000,2.94,971000,0.01,970000,1.473,969000,101.3394,967000,1.6902,966000,2.5381,965000,4.79,962000,2.94
25306423,977000,1,975000,3.01,974000,23,973000,14.887,971000,6.7721,970000,0.99,969000,100.7294,967000,1.6902,966000,1.7081,964000,2.94
25306424,979000,5.5994,978000,10,977000,0.955,975000,3.01,973000,40.8288,969000,100.7295,967000,0.5902,965000,2.4,963000,2.94,961000,1.159
25306425,979000,5.5994,978000,9.955,977000,1,975000,3.01,973000,36.674,969000,99.2348,967000,0.5902,965000,2.802,963000,2.94,961000,1.159
25306426,978000,10.955,975000,3.8388,974000,2.94,972000,14.148,970000,1.2784,969000,91.1454,967000,0.5902,965000,31.224,964000,2.4,963000,2.94
25306427,975000,3.01,974000,2.94,973000,0.01,972000,22.07,971000,0.61,969000,57.4434,967000,0.5902,965000,31.824,963000,2.94,961000,1.159
25306428,978000,10.0884,975000,3.01,974000,2.95,973000,24.01,972000,6.419,969000,53.612,967000,0.5902,965000,2.4,963000,2.94,961000,1.159
25306429,978000,93.0884,975000,12.01,974000,2.95,973000,24.01,972000,6.419,969000,48.685,967000,0.5902,966000,23,965000,1.6,963000,2.94
25306430,978000,93.0884,975000,13.01,974000,2.95,973000,25.0624,972000,10.794,969000,43.1465,967000,0.5902,966000,31.445,965000,1.6,963000,2.94
25306431,975000,13.01,974000,0.01,973000,2.0624,972000,5.88,969000,9.5963,967000,0.5902,964000,2.4,962000,28.88,961000,1.159,960000,1.2492
25306432,975000,12.01,974000,0.01,973000,3.1508,971000,8.315,967000,3.839,965000,5,964000,23,962000,2.4,961000,4.099,960000,1.2492
25306433,978000,92,975000,13.0984,974000,0.01,973000,3.0624,972000,55.749,965000,5,964000,23,962000,2.4,961000,1.159,960000,1.2492
25306434,974000,0.01,973000,12.0624,972000,23,969000,2.94,968000,3.829,963000,1.3,962000,1.1,961000,1.159,960000,4.1892,955000,26.3443
25306435,974000,0.01,973000,2.0624,972000,32,969000,5.3749,966000,3.0304,961000,9.771,960000,32.1892,955000,0.01,953000,10.01,952000,97.0313
25306436,973000,2.0624,972000,23,970000,27.0684,969000,13.484,968000,3.1828,964000,0.1967,961000,1.159,960000,7.2492,958000,2.94,955000,10.01
25306437,979000,5.5994,975000,13.0984,974000,0.01,973000,3.0624,969000,1.2428,964000,7.588,962000,25.4,961000,0.7612,960000,4.1892,955000,0.01
25306438,972000,17.6047,971000,23,970000,2.94,967000,1.7428,966000,0.24,964000,3.0673,963000,8.219,962000,25.4,961000,0.7612,960000,4.1892
25306439,970000,13.5836,969000,27.375,967000,7.913,966000,0.4828,965000,0.0713,964000,1.8399,962000,23,961000,0.7612,960000,5.1892,955000,0.01
25306440,973000,12.0624,972000,17.6047,970000,13.5836,967000,31.011,966000,22.2561,964000,7.886,962000,23,961000,0.7612,960000,1.2492,959000,4.84
25306442,973000,11.0624,972000,18.6931,970000,33.6236,968000,2.94,967000,8.8087,964000,3.0807,962000,32.375,961000,1.8612,960000,2.5492,959000,2.94
25306442,973000,2.0624,972000,43.5931,971000,8.203,970000,10.7184,969000,12.4546,964000,7.6789,962000,28,961000,0.7612,960000,3.6492,955000,26.3443
25306443,974000,0.01,973000,2.0624,972000,18.6931,970000,21.7053,969000,15.3946,964000,7.4446,962000,28,961000,0.7612,960000,6.5892,955000,16.3443
25306444,974000,0.01,973000,2.0624,972000,18.6931,970000,15.7214,969000,46.1206,964000,4.8711,963000,5,962000,28,961000,0.7612,960000,11.5146
25306445,974000,0.01,973000,3.1508,972000,17.6047,970000,39.6614,969000,1.003,966000,39.1061,964000,0.4961,963000,5,962000,28,961000,0.7612
25306447,973000,2.0624,972000,18.6931,971000,2.94,970000,42.7214,969000,3.0534,964000,2.7207,961000,6.1012,960000,6.6746,955000,18.0323,953000,10.01
25306448,974000,0.01,973000,2.0624,972000,18.6931,970000,18.6614,969000,18.9534,966000,0.01,964000,2.7207,963000,5,961000,3.1612,960000,31.6725
25306449,974000,0.01,973000,2.0624,972000,17.6047,970000,19.7318,969000,0.903,965000,19.9825,964000,0.4061,961000,3.1612,960000,26.7471,955000,1.698
25306450,973000,3.0624,972000,17.6047,971000,2.94,970000,36.7314,969000,5.5133,966000,7.5854,964000,0.4061,962000,5.2646,961000,3.1612,960000,24.3606
25306451,974000,0.01,973000,3.1508,972000,20.5447,970000,15.7414,969000,5.2863,966000,17.6561,965000,23,964000,10.4061,963000,2.4,962000,2.94
25306452,974000,0.01,973000,3.1508,972000,21.5447,970000,17.7918,969000,5.1863,965000,25.3036,964000,28.4061,962000,2.94,961000,0.7612,960000,7.5579
25306453,974000,0.01,973000,3.0624,972000,32.3647,970000,14.7414,969000,1.4673,967000,12.6827,966000,5,965000,6.6,964000,28.4061,962000,2.94
25306454,975000,14.1868,974000,0.01,973000,6.0024,972000,17.6047,970000,18.2008,966000,10.0746,965000,13.152,964000,30.8061,962000,2.94,961000,0.7612
25306455,974000,0.01,973000,3.0624,972000,17.6047,971000,2.94,970000,21.5368,969000,4.2935,968000,13.2181,965000,8.152,964000,30.8061,962000,2.94
25306456,973000,3.0624,972000,17.6047,971000,2.94,970000,23.5872,969000,1.1404,965000,8.348,964000,33.1307,961000,1.307,960000,23.8071,955000,2.2544
25306457,974000,0.01,973000,2.0624,972000,18.6047,970000,21.5368,969000,1.1404,966000,7.3246,964000,30.8061,961000,0.7612,960000,23.8071,955000,2.2544
25306458,975000,13.0984,974000,0.01,973000,2.0624,972000,18.6047,970000,24.1133,966000,19.2101,964000,31.8061,961000,0.7612,960000,26.7471,955000,12.2544
25306459,973000,3.0624,972000,17.6047,971000,5.88,970000,11.5268,969000,5,966000,17.8855,964000,7.8061,961000,0.7612,960000,7.5579,955000,12.2544
25306462,973000,2.0624,972000,17.6047,971000,2.94,970000,11.5268,969000,0.0109,966000,30.2101,965000,5,964000,5.4061,963000,2.4,961000,3.7012
25306463,974000,0.01,973000,3.0624,972000,22.6047,970000,22.1041,969000,0.1741,967000,5,966000,27.8855,965000,1.1,964000,1.7061,961000,16.9935
25306464,975000,13.0984,974000,0.01,973000,2.0624,972000,23.6047,970000,17.2772,967000,13.808,966000,26.8855,965000,1.1,964000,1.7061,961000,0.7612
25306465,975000,17.0601,974000,0.01,973000,2.0624,972000,23.6047,970000,17.2772,966000,43.9595,965000,1.1,964000,2.7061,963000,16.1986,961000,0.7612
25306466,974000,0.01,973000,2.0624,972000,22.6047,970000,30.2327,966000,8.1648,964000,0.4061,963000,16.1986,961000,0.7612,960000,10.5579,959000,2.94
25306467,970000,11.8567,968000,1,967000,2.94,966000,17.878,965000,37.1504,963000,13.1017,961000,0.7612,960000,8.5579,959000,1.6,955000,2.2544
25306468,973000,11.0624,972000,22.6047,970000,11.2131,966000,10.19,963000,20.5096,961000,0.7612,960000,8.5579,958000,1.1,956000,5.88,955000,2.2544
25306469,970000,8.6886,966000,5.88,965000,0.01,963000,42.5545,962000,0.0758,960000,8.0148,957000,26,956000,5.34,955000,0.01,953000,17.2013
25306470,972000,17.6047,970000,9.6511,966000,2.94,965000,8.336,963000,13.5532,960000,19.7336,959000,5,958000,23,957000,1,956000,5.24
25306471,972000,17.6047,970000,5.1247,966000,23.92,965000,0.01,963000,14.8007,960000,3,958000,16.7593,956000,5.24,955000,0.01,953000,17.2013
25306472,974000,0.01,973000,11.0624,972000,17.6047,970000,6.0797,966000,27.2499,960000,2.3749,958000,20.5338,956000,26.9438,955000,2.41,953000,18.4433
25306473,974000,0.01,973000,11.0624,972000,17.6047,970000,6.0797,966000,20.4649,960000,4.5457,957000,31.642,956000,15.2675,955000,0.01,953000,18.2013
25306474,973000,2.0624,972000,26.6047,970000,6.0797,966000,3.4901,965000,1.273,960000,29.5346,959000,6.2,957000,1.0033,956000,15.505,955000,0.01
25306475,973000,2.0624,972000,18.526,970000,12.5985,966000,2.94,965000,2.9802,960000,10.6361,957000,12.3146,956000,2.94,955000,0.01,953000,17.2013
25306476,970000,13.5985,969000,2.5532,966000,2.94,965000,4.7713,963000,3.9562,962000,13.6239,960000,1.8242,957000,14.9662,956000,3.2136,955000,0.01
25306477,972000,20.2204,970000,1.2485,969000,1.8588,966000,2.94,965000,2.9802,962000,30.9121,960000,0.8242,957000,14.9653,956000,2.94,955000,0.01
25306478,970000,1.2485,968000,11.35,966000,6.5899,965000,1.6987,964000,5.1928,962000,1.7403,960000,11.5286,959000,2.6,957000,12.5653,956000,2.94
25306479,970000,1.2485,969000,5.3749,966000,4.1155,965000,8.166,964000,0.0496,962000,9.6637,960000,0.8242,959000,1.0035,957000,14.9482,956000,2.94
25306480,972000,21.4061,970000,1.2485,969000,1,967000,1.1855,964000,0.0496,962000,9.6637,960000,0.8242,959000,1.0035,958000,2.4,957000,12.5482
25306481,972000,21.4061,971000,9,970000,1.2485,967000,8.2128,964000,0.0496,962000,8.2164,960000,0.8242,959000,0.2178,957000,14.7146,956000,2.94
25306482,970000,2.0762,969000,1.8513,967000,0.01,964000,0.0496,963000,22.4007,962000,0.0522,960000,7.3407,957000,12.3146,955000,2.1216,953000,17.2013
25306483,969000,0.8277,968000,2.94,967000,0.01,966000,12.2313,964000,0.0496,962000,1.065,960000,1.8697,958000,6.3445,957000,12.3146,955000,2.1163
25306484,969000,7.8936,967000,0.01,966000,1.01,964000,0.0496,963000,18.7711,960000,1.3622,959000,13.0891,958000,4.4045,957000,12.3146,955000,2.1163
25306485,970000,8.6272,967000,0.01,966000,1.01,964000,4.4494,963000,0.3853,960000,18.3622,959000,36.0891,958000,4.663,957000,12.3146,955000,1.8126
25306486,974000,0.01,973000,9.01,972000,20.5784,971000,0.9613,970000,6.4013,962000,7.4516,960000,9.6114,959000,36.0891,958000,4.663,957000,12.3146
25306487,974000,0.01,973000,9.01,972000,20.5784,971000,0.6947,970000,47.4004,962000,11.6412,960000,12.5604,959000,25.94,958000,4.7073,957000,12.3146
25306488,973000,9.01,972000,20.5784,971000,0.6947,970000,1.8327,969000,55.3214,964000,4.1055,962000,29.0445,960000,12.1529,959000,25.94,958000,4.7073
25306489,971000,0.6947,970000,0.8327,969000,16.3749,966000,6.7171,965000,0.0955,962000,24.6714,960000,3.2532,959000,25.94,958000,4.7084,957000,4.6179
25306490,973000,0.01,972000,20.5784,970000,0.8327,969000,11.6947,965000,21.8126,962000,7.2663,960000,3.2514,959000,27.04,958000,2.3,957000,4.9209
25306491,973000,0.01,972000,20.5784,970000,0.8327,969000,11.6947,965000,21.8126,962000,7.3163,960000,3.2514,959000,28.34,958000,1,957000,4.9209
25306492,971000,9,970000,1.5274,969000,5.3749,966000,2.6005,965000,15,962000,7.1975,960000,4.2529,959000,28.34,958000,1,957000,4.914
25306493,969000,9,968000,1,967000,11.35,966000,2.6005,965000,9.1166,962000,2.0809,960000,10.1992,959000,28.34,958000,1,957000,4.9136
25306494,971000,0.6947,970000,10.6947,968000,2.94,966000,11.35,965000,29.6772,962000,2.0809,960000,32.4407,959000,28.34,958000,1.2953,957000,4.6179
25306495,970000,1.6947,969000,9,968000,3.1479,967000,11.35,965000,29.6772,962000,1.2537,961000,1.0013,960000,31.4392,959000,28.34,958000,1
25306496,971000,9,970000,1.6947,968000,3.1479,967000,11.35,965000,25.352,962000,18.6624,961000,1.0013,960000,2.2492,959000,28.34,958000,1
25306497,972000,20.5784,971000,10.6947,970000,0.2079,968000,2.94,965000,38.97,962000,0.25,961000,5,960000,26.2505,959000,5.34,958000,1
25306498,972000,20.5784,971000,9,970000,1.9026,968000,2.94,965000,39.8744,962000,0.25,961000,5.5516,960000,2.2492,959000,5.34,958000,1
25306499,972000,21.5784,971000,9,970000,1.9026,968000,2.94,965000,37.97,961000,10.9548,960000,4.0426,959000,5.34,958000,1,957000,5.6231
25306500,972000,21.5784,971000,9,970000,6.4356,968000,2.94,965000,46.8433,961000,5,960000,34.6306,959000,2.4,958000,3.94,957000,4.6179
25306501,972000,21.5784,971000,9,970000,5.4356,969000,3.94,965000,22.8863,961000,7.594,960000,8.2495,958000,6.34,957000,4.9043,955000,0.2839
25306502,973000,0.01,972000,21.5784,971000,36.99,970000,0.9026,969000,1,961000,10.2113,960000,8.2495,959000,2.94,958000,4.4,957000,4.9043
25306503,972000,21.5784,971000,13.1747,969000,2.94,968000,9.4847,967000,16.75,961000,7.9689,960000,7.2492,958000,15.8686,957000,4.9043,955000,0.2839
25306504,972000,21.5784,971000,13.1747,969000,12.94,968000,9.4847,967000,20.9512,962000,20.8558,961000,11.699,960000,9.6492,958000,5.242,957000,4.6179
25306505,973000,0.01,972000,21.5784,971000,4.1747,969000,16.94,967000,6.8454,962000,24.8127,961000,10.348,960000,70.7836,958000,4.242,957000,4.6179
25306507,972000,21.5784,971000,4.1747,970000,1.2079,969000,16.94,966000,9.7992,962000,9.4215,961000,10.348,960000,10.1498,958000,4.2505,957000,4.6179
25306508,971000,4.1747,970000,1.2079,969000,16.94,967000,2.0507,966000,6.8454,962000,3.3886,961000,10.348,960000,9.1498,958000,4.2505,957000,4.6179
25306509,970000,1.0359,969000,16.94,968000,1,967000,2.0507,966000,16.8454,962000,4.3979,961000,10.348,960000,10.1517,958000,3.94,957000,4.9049
25306510,970000,0.2079,969000,7.94,968000,1,967000,11.0607,966000,39.0543,961000,9.7641,960000,7.7517,958000,6.34,957000,4.9049,955000,0.2839
25306511,970000,0.2079,969000,12.94,968000,1,967000,9.01,966000,27.1947,961000,0.594,960000,7.7513,958000,30.34,957000,4.6179,956000,2.1726
25306512,967000,9.01,966000,1.4345,965000,26.48,964000,14.9758,961000,0.0016,960000,1.7498,958000,3.94,957000,6.8179,956000,1.8922,955000,0.2839
25306513,968000,1.828,967000,9.01,966000,1.4345,965000,6.8549,964000,10.0183,960000,16.7513,959000,5,958000,5.24,957000,5.7179,956000,1.8922
25306514,967000,11.95,966000,1.4345,965000,29.98,964000,17.2317,961000,1.5668,960000,15.5012,959000,5,958000,1,957000,9.9579,956000,2.1456
25306515,967000,12.0392,966000,1.4345,965000,1,964000,17.1671,961000,1.2346,958000,0.8577,957000,9.6179,956000,24.8922,955000,3.6891,953000,20.3496
25306516,965000,6,964000,0.415,962000,27,961000,4.1746,959000,10,953000,40.407,952000,2.2593,951000,7.44,950000,2.0948,949000,1
25306517,966000,1.4345,965000,22.0654,959000,11,957000,10.594,955000,0.4094,953000,17.5388,952000,2.2593,950000,4.4948,949000,1,948000,1.01
25306518,957000,1,955000,0.4094,954000,30.171,953000,2,952000,4.8437,950000,2.0948,949000,3.94,948000,1.01,947000,1.11,945000,21.8483
25306519,955000,7.0635,952000,0.5607,949000,31.016,948000,0.7297,947000,11.3499,945000,21.8483,943000,16.2298,942000,47.9998,941000,1,940000,159.4136
25306520,955000,6.7494,952000,14.9614,949000,8.016,948000,0.3997,945000,0.0589,943000,1.8906,942000,1.4,940000,20.2562,939000,2.287,937000,2.2796
25306521,967000,0.01,966000,17.0276,955000,15.7494,952000,0.0607,951000,10.162,943000,13.9997,942000,1.1,941000,28.3,940000,18.4921,939000,2.287
25306522,966000,17.0276,955000,16.5639,952000,1.156,951000,5.1075,950000,3.94,943000,18.8185,942000,8.93,940000,24.3891,939000,2.287,937000,2.2796
25306523,950000,19.7471,948000,2.94,945000,2.2,943000,8.3704,942000,1.3291,940000,33.2186,939000,8.167,937000,2.2796,936000,2.4,935000,19.7854
25306524,950000,6.0953,945000,10.2,943000,0.2674,942000,1.2048,940000,11.385,935000,29.9862,934000,10,933000,3.25,932000,3.4,931000,14.1039
25306525,950000,97,945000,9.2,943000,1.3627,940000,37.875,938000,19.5946,934000,4.4339,933000,3.25,932000,1,931000,14.1039,930000,11.8155
25306526,952000,9.0607,945000,3.14,943000,1.3627,942000,29.195,940000,1.638,938000,2.94,937000,3.4637,936000,2.4,934000,24.3746,933000,0.31
25306527,950000,12.9924,945000,1.1619,943000,0.2674,942000,28.16,940000,0.7485,936000,34.8657,935000,3.15,933000,0.6924,932000,2.0764,931000,14.5262
25306528,947000,2,945000,2,943000,0.2674,942000,14.8435,940000,10.714,936000,51.0886,935000,1.51,934000,1.1,933000,3.7086,932000,1
25306529,947000,2,945000,4.1808,943000,1.2674,942000,16.7835,940000,15.3326,937000,28.9498,936000,21.8557,935000,0.21,934000,4.04,933000,0.31
25306530,945000,3.1808,943000,1.2674,942000,6,941000,24.298,940000,5.0747,939000,4.5916,938000,3,937000,3.0663,936000,20.0816,935000,1.51
25306531,949000,11,947000,2.9619,945000,2.2289,943000,1.2674,942000,5.5834,941000,1.952,940000,8.166,939000,24,938000,24.8352,937000,4.1663
25306532,952000,0.0607,950000,0.4995,949000,2,947000,8.3772,944000,14.3584,940000,3.6794,938000,5.0573,937000,5.4663,936000,20.0816,935000,0.21
25306533,950000,0.4995,949000,2.9611,947000,2,944000,11.992,943000,0.4996,940000,2.0049,938000,6.9751,937000,6.0063,936000,4.7528,935000,0.21
25306534,949000,2.9611,947000,2,944000,1,943000,23.35,942000,12.7575,941000,1.21,938000,5.0147,937000,3.0663,936000,1.3165,935000,4.1553
25306535,950000,0.4995,949000,11.9611,947000,3,943000,8.352,939000,14.5832,938000,2.5418,937000,3.0663,936000,1.2863,935000,1.6,933000,0.31
25306536,949000,11,947000,3.0947,943000,7.6209,942000,11.82,939000,20.3265,937000,2.6876,936000,9.0243,935000,1,933000,0.31,932000,1.01
25306537,947000,3.0947,944000,2.94,942000,4.3846,940000,3.4501,939000,17.4265,937000,3.3422,936000,4.0243,934000,23.09,933000,1.61,932000,1.01
25306538,943000,2.1098,942000,0.01,941000,1,940000,3.4501,939000,17.4265,937000,21.6363,936000,3.0216,933000,1.1094,932000,3.41,931000,14.1039
25306539,949000,11,947000,2.9614,943000,2.1098,942000,0.01,940000,3.4501,938000,2.6773,936000,6.7202,935000,0.6,934000,1.2,933000,23.31
25306540,947000,3,945000,2.94,943000,2.1098,942000,8.103,940000,13.8863,939000,0.6761,938000,1.5481,937000,7.739,936000,0.2819,934000,2.5
25306541,945000,0.8281,943000,2.1098,942000,0.01,941000,1,940000,3.6679,939000,9.7249,938000,35.0827,937000,3.5,936000,0.0816,933000,1.3152
25306542,950000,14,949000,25.8081,947000,3,946000,0.0001,942000,0.81,941000,2.6947,940000,1,939000,35.2947,938000,24.0013,937000,3.5
25306543,950000,35,949000,2,947000,2,946000,0.5,943000,2.7679,942000,2.7766,941000,0.9741,940000,7.3877,939000,12.3147,938000,4.7196
25306544,955000,6.6641,952000,1.7169,950000,34,949000,3,947000,13.2422,943000,4.3747,942000,0.4101,941000,23,940000,15.1905,939000,4.24
25306545,949000,3,947000,3.1667,945000,21.3724,944000,4.3747,942000,1.877,940000,44.5027,939000,0.1957,938000,3.5013,937000,1,936000,0.5816
25306546,947000,4.0234,945000,22.3724,944000,4.3747,943000,2.94,941000,7.7279,940000,2.0638,938000,1.0013,937000,24,936000,1.3964,935000,25.603
25306547,947000,4.0234,945000,22.3724,943000,5.8535,942000,2.94,941000,0.0956,940000,0.1265,937000,24,936000,0.5816,935000,23.7554,934000,2.5
25306548,944000,5,943000,5.8535,942000,2.94,941000,0.0956,940000,8.021,936000,4.9563,935000,20.7938,934000,3.0989,933000,0.4733,932000,1.01
25306549,944000,1.0642,943000,0.01,942000,2.94,941000,5.6956,940000,21.742,935000,31.4867,934000,2.94,933000,0.4733,932000,1.01,931000,16.6039
25306550,945000,40.2818,943000,1.0742,941000,3.0356,940000,14.9714,939000,30.2156,935000,15.9069,934000,3.94,933000,0.31,932000,2.31,931000,16.289
25306551,945000,34.8417,943000,10.0742,941000,3.0356,940000,13.9714,939000,31.7984,935000,17.1423,934000,1,933000,3.25,932000,3.51,931000,15.089
25306552,939000,26.9946,938000,12.5862,935000,8.5997,934000,13.3781,931000,3.3126,930000,17.1274,929000,1.21,928000,3.9515,927000,4,926000,0.4185
25306553,939000,33.1188,938000,5,935000,30.99,933000,11.2477,932000,0.7,930000,16.2319,929000,0.01,928000,28.9415,927000,6.5,926000,0.4185
25306554,939000,23.0546,938000,6.0642,936000,2.94,935000,21.463,932000,10.4015,930000,3.6135,929000,2.95,928000,3.9515,927000,28.99,926000,2.9185
25306555,940000,7.5599,939000,23.0546,938000,6.0642,937000,8.389,936000,3.1242,934000,5.0059,933000,7.3146,930000,5.7873,929000,6.21,928000,4.6515
25306556,938000,1,937000,8.389,936000,0.0476,935000,2.3436,934000,11.018,930000,4.0168,929000,5.01,928000,35.6837,927000,4,926000,0.4185
25306557,943000,0.01,940000,7.5599,939000,23.9297,936000,1.0476,935000,7.0493,930000,7.5821,929000,5.01,928000,7.4588,927000,4,926000,0.4185
25306558,939000,21.9897,937000,15,936000,0.0476,935000,3.5097,933000,0.5836,932000,11.5747,930000,17.2219,929000,0.01,928000,5.2425,927000,4.2554
25306559,939000,21.0588,938000,2.94,937000,15,936000,0.0476,935000,3.6711,932000,2,930000,10.9747,929000,0.01,928000,5.7425,927000,4.2547
25306560,938000,2.94,937000,17,936000,0.0476,935000,1.5131,934000,3.658,931000,9.7494,930000,21.3976,929000,1.0152,928000,5.9674,927000,4
25306561,945000,1,943000,0.01,941000,2.94,940000,4.9309,939000,20.0588,937000,3.8761,935000,5.4819,934000,0.4,933000,8.731,931000,23
25306562,944000,1.37,943000,2.94,942000,15,941000,7.898,940000,2.1935,935000,10.7516,934000,2.4,932000,19.98,930000,9.2025,929000,1.0152
25306563,947000,3.1667,945000,1.6069,944000,2.94,943000,1.5,942000,52.0017,936000,6.8315,935000,29.9207,934000,2,930000,15.5857,929000,0.01
25306564,948000,11.1098,947000,3.1667,945000,2.6069,943000,0.5,942000,21.6894,937000,1.4179,936000,23.9457,935000,30.0006,934000,2.4,930000,29.7713
25306565,947000,12.1667,946000,0.6734,945000,1.9335,943000,0.5,942000,23.6449,938000,53.4149,937000,3.3988,935000,1,934000,3.2648,932000,0.9401
25306566,949000,2,948000,2.1098,947000,3.1667,946000,0.6734,945000,19.3666,938000,22.8747,937000,2.2,935000,6.0301,934000,2.94,932000,1.259
25306567,949000,2.4639,948000,3.1098,947000,3.1667,946000,5.4769,944000,1.042,943000,0.0799,941000,1.9,940000,11.901,938000,1.6471,937000,0.4491
25306568,952000,0.0607,950000,20,949000,3.332,947000,26.2146,945000,3.298,943000,8.4861,942000,0.0995,941000,0.1,940000,6.12,939000,0.1148
25306569,958000,0.4734,955000,10.2651,952000,6.9676,949000,2.1566,946000,23.81,945000,6.2568,944000,5,943000,34.1345,942000,7.7502,941000,0.5915
25306570,955000,30.2211,952000,1.3792,949000,2.1566,948000,17.7942,947000,13.585,945000,10.0605,944000,5,943000,3.8618,942000,5.3502,941000,0.1
25306571,955000,30.2211,952000,0.3158,949000,2.1566,948000,25,947000,32.7042,943000,5.5365,942000,0.0995,941000,0.1,940000,4.5356,939000,0.6331
25306572,958000,9.4734,955000,34.9275,952000,0.3158,949000,2.1566,947000,31.3637,943000,6.5463,942000,1.4995,941000,2.1,940000,2.9356,939000,0.6331
25306573,958000,9.4734,955000,34.9275,952000,1.3158,949000,2.1566,947000,26.7599,943000,2.2787,942000,0.0995,941000,1.1,940000,2.9356,939000,3.5705
25306574,958000,0.4734,955000,43.9275,952000,1.3158,949000,25.1566,946000,5.3481,945000,0.2776,943000,2.2483,942000,0.0995,941000,1.7,940000,2.4658
25306575,952000,9.3158,949000,27.5879,948000,34.9005,946000,2.94,945000,3.19,943000,19.3304,942000,0.0995,941000,23.08,940000,5.3629,939000,0.1148
25306576,958000,0.4734,955000,43.9275,952000,1.3158,949000,21.6566,948000,3.2156,945000,25.8668,944000,0.0211,943000,20.3306,942000,0.0995,941000,1.4
25306577,955000,43.9275,952000,0.0607,949000,44.6566,948000,2.8552,947000,2.87,946000,0.0799,945000,24.9468,944000,0.0211,943000,1.1684,942000,0.0995
25306578,955000,44.9275,952000,0.3158,949000,21.6566,948000,5.7952,947000,67.6494,946000,0.5214,945000,27.9455,944000,0.0111,943000,1.1684,942000,0.0995
25306579,955000,44.9275,952000,0.3158,949000,21.6566,948000,32.9297,947000,16.8261,946000,1.6214,945000,25.948,944000,0.0111,943000,1.1684,942000,0.0995
25306580,949000,22.6566,948000,5.88,947000,1.3626,946000,4.3747,943000,1.0269,942000,0.0995,941000,3.04,940000,4.8462,939000,0.4856,938000,1.6471
