25322836,991000,18.562,990000,15.7898,989000,8,987000,35.3295,985000,0.7132,983000,25.388,982000,0.1,981000,0.1,980000,34.4928,979000,0.1
25322837,992000,17.4284,991000,14.6012,990000,16.0454,989000,8,987000,39.8707,985000,3.1614,983000,120.3541,982000,0.1,981000,0.1,980000,30.1
25322838,991000,14.6012,990000,14.7898,989000,8,987000,20.7442,985000,14.8582,983000,97.79,982000,0.1,981000,0.1,980000,30.8059,979000,6.0521
25322839,991000,17.5412,990000,14.7898,989000,8,987000,12.9802,985000,17.6366,983000,62.1105,982000,0.1,981000,0.1,980000,30.8059,979000,6.0724
25322840,991000,18.562,990000,14.7898,989000,9,987000,12.3495,985000,45.2852,983000,45.4092,982000,0.1,981000,0.1,980000,38.816,979000,6.5724
25322841,991000,18.562,990000,14.7898,989000,18.4889,987000,12.9802,985000,17.9301,983000,34.249,982000,0.1,981000,0.1,980000,56.3525,979000,7.3724
25322842,991000,17.6012,990000,15.2894,989000,14.4889,987000,39.7046,985000,12.3154,982000,0.1,981000,0.1,980000,55.8059,979000,12.2381,978000,34.6
25322843,990000,15.2894,989000,16.5097,987000,11.9802,985000,20.2574,984000,8.1577,982000,0.9534,981000,0.1,980000,35.8056,979000,17.7926,978000,36.2
25322844,989000,15.5097,987000,12.9802,985000,13.263,984000,7.9944,983000,7.3582,982000,1.4534,981000,0.6,980000,36.3056,979000,6.5724,978000,36.2
25322845,992000,6.9395,991000,14.6012,990000,15.2894,989000,41.1166,987000,16.6305,982000,5.5184,981000,0.6,980000,43.2456,979000,3.6324,978000,32.2
25322846,991000,24.0901,990000,15.2894,989000,5,987000,43.9126,986000,1.3951,983000,3.1619,982000,0.8507,981000,29.5859,980000,43.04,979000,4.1324
25322847,991000,24.0901,990000,15.2894,989000,6.6169,987000,44.5037,986000,4.6773,983000,12.1619,982000,0.8507,981000,37.5289,980000,48.04,979000,10.7324
25322848,989000,7.2636,987000,17.9799,986000,0.2029,985000,0.0273,984000,18.5297,982000,5.2259,981000,24.043,980000,48.0603,979000,9.1121,978000,32.3
25322849,991000,24.0901,990000,16.3102,989000,6,987000,11.155,986000,8.7638,981000,26.309,980000,68.4793,979000,11.9324,978000,35.1,977000,2.15
25322850,990000,16.3102,989000,6,987000,11.155,986000,0.8198,985000,18.3863,981000,10.2689,980000,76.2064,979000,9.1121,978000,36.7203,977000,2.15
25322851,991000,24.0901,990000,16.3102,989000,31.98,987000,11.7719,986000,1.6116,981000,13.6159,980000,66.9832,979000,8.6324,978000,34.6,977000,7.15
25322852,990000,16.3102,989000,7,987000,11.7719,986000,0.3412,985000,16.464,981000,41.9084,980000,48.5432,979000,11.5724,978000,31.8,977000,6.65
25322853,991000,24.3999,990000,16.2894,989000,31.8346,987000,11.7719,986000,3.624,981000,50.5118,980000,60.0635,979000,31.5521,978000,39.8,977000,9.5049
25322854,992000,2,991000,24.3999,990000,16.2894,989000,39.98,987000,19.0805,986000,4.1504,982000,5,981000,79.5666,980000,60.1,979000,31.5724
25322855,991000,24.3999,990000,8.1894,989000,17.6169,987000,28.0335,986000,10.4055,983000,7.4201,982000,14.5,981000,52.6145,980000,67.04,979000,28.1324
25322856,990000,18.8063,989000,17,987000,28.0335,986000,10.4055,985000,6.0543,982000,9.5,981000,39.0587,980000,64.1,979000,32.6521,978000,35.3
25322857,990000,18.1894,989000,17.2213,987000,28.0335,986000,10,985000,1.6787,982000,32.48,981000,36.5967,980000,73.0624,979000,36.6521,978000,35.3
25322858,989000,17,988000,3,987000,22.3763,986000,18.31,985000,2.7122,982000,16.265,981000,35.7358,980000,73.0624,979000,32.6521,978000,35.3
25322859,989000,17,988000,3,987000,21.155,986000,38.98,985000,7.2752,984000,1.6106,983000,0.5758,982000,14,981000,35.7821,980000,72.0624
25322860,991000,23.3791,990000,62.4038,989000,15,987000,21.155,986000,9.0411,985000,0.1194,982000,14.1,981000,36.212,980000,60.7203,979000,32.1121
25322861,991000,24.3999,990000,63.6237,989000,15,987000,20.955,986000,17.6501,985000,3.4556,982000,17.04,981000,37.9044,980000,59.7203,979000,28.1121
25322862,991000,24.3999,990000,18.1894,989000,17.0014,987000,20.955,986000,11.7631,983000,12.4828,982000,47.814,981000,37.9247,980000,61.3,979000,28.1121
25322863,991000,24.3999,990000,18.1894,989000,17.0014,987000,21.955,986000,31.3301,983000,10.9226,982000,21.874,981000,41.836,980000,61.3203,979000,28.1121
25322864,990000,17.1894,989000,16,988000,2,987000,21.955,986000,12.7645,983000,43.8144,982000,14.1,981000,38.1348,980000,59.7,979000,28.1121
25322865,990000,18.1894,989000,16,988000,2,987000,21.955,986000,12.7645,983000,16.5803,982000,63.08,981000,39.212,980000,61.9203,979000,28.1121
25322866,990000,18.1894,989000,16,988000,2,987000,21.955,986000,12.7645,983000,2.3253,982000,37.1,981000,38.8359,980000,61.5203,979000,28.1121
25322867,990000,18.2094,989000,15,988000,2,987000,20.955,986000,12.0167,983000,6.6578,982000,44.907,981000,60.1148,980000,60.7203,979000,29.3121
25322868,990000,8.2094,989000,15,988000,2.991,987000,20.955,986000,10.9968,983000,31.0341,982000,14.1,981000,55.6334,980000,59.5203,979000,29.7121
25322869,989000,5,988000,2,987000,30.955,986000,15.7727,985000,13.3184,983000,31.9833,982000,14.1,981000,55.6537,980000,59.1,979000,30.9121
25322870,991000,24.5098,990000,8.2094,989000,5,988000,12,987000,10.1842,986000,83.7857,983000,51.14,982000,14.1,981000,57.2537,980000,59.1
25322871,991000,23.5439,990000,7.2094,989000,5,988000,21.336,987000,0.6212,986000,63.9378,983000,24.2,982000,17.0602,981000,56.3334,980000,59.1
25322872,991000,23.5439,990000,7.2094,989000,5,988000,39.406,987000,7.8162,986000,46.1674,983000,24.7494,982000,17.04,981000,55.6537,980000,60.9
25322873,991000,24.5439,990000,7.2094,989000,5,988000,18.406,987000,10.0418,986000,35.3991,983000,24.7494,982000,21.04,981000,55.6537,980000,61.6
25322874,990000,7.2094,989000,5,988000,9.4625,987000,6.1241,986000,3.2624,983000,24.8453,982000,21.04,981000,56.1537,980000,60,979000,28.1121
25322875,991000,23.3791,990000,17.2094,989000,5,987000,15.2721,986000,15.004,983000,25.5208,982000,21.04,981000,52.8116,980000,61.5,979000,28.1121
25322876,991000,24.3999,990000,18.2094,989000,5,987000,4.1241,986000,25.0715,984000,2.7732,983000,56.7498,982000,18.1,981000,52.8116,980000,60.3
25322877,991000,24.3999,990000,18.2094,989000,5,987000,4.1241,986000,25.0715,983000,28.6613,982000,18.1203,981000,52.7913,980000,62.11,979000,28.1121
25322878,991000,19.4039,990000,19.2211,989000,5,987000,4.1241,986000,71.1902,983000,50.14,982000,18.1203,981000,53.9472,980000,62.11,979000,28.1121
25322879,992000,2,991000,19.4039,990000,19.2211,989000,5,987000,3.3701,984000,67.2659,983000,24.2,982000,18.1202,981000,55.1472,980000,60.91
25322880,991000,18.3831,990000,18.2211,989000,7.742,988000,1,987000,2.4181,985000,25.133,984000,2.94,983000,74.2202,982000,19.7,981000,53.9913
25322881,995000,17.6597,993000,6.6254,992000,3,991000,17.7605,989000,11.3729,988000,1.2434,986000,3.6995,985000,4.0629,984000,2.94,983000,74.2202
25322882,995000,17.6597,993000,5.6046,992000,3,991000,32.5196,989000,13.1067,987000,2.4752,986000,49.3419,985000,3.9602,983000,75.2178,982000,20.9
25322883,996000,1,995000,18.6597,993000,17.8355,992000,14.492,991000,6.984,989000,7.1164,988000,31.1922,987000,15.1462,986000,8.0094,985000,1.2202
25322884,996000,1,995000,13.6597,994000,7.892,993000,4.6046,992000,15.3998,991000,7.164,990000,5.3215,988000,24.667,987000,0.0202,986000,4.8087
25322885,997000,12.211,996000,3.8095,995000,13.6597,993000,5.6046,992000,16.6225,991000,1.1419,990000,0.3215,989000,5,988000,4.6892,987000,1.2
25322886,997000,11.1902,996000,3.8095,995000,14.1198,993000,14.7976,992000,7.766,991000,7.5864,990000,8.2615,988000,11.117,987000,3.6473,986000,6.0087
25322887,997000,12.211,996000,3.8095,995000,13.8078,993000,13.7976,992000,16.8207,991000,7.0008,990000,1.3225,989000,7.94,988000,18.831,987000,0.0201
25322888,996000,1,995000,26.2998,993000,6.6046,992000,3.9579,991000,2.3259,990000,11.1978,988000,5.3548,987000,4.252,985000,2.8,983000,0.8
25322889,996000,1,995000,14.8078,993000,12.6092,992000,8.9531,991000,11.7766,988000,18.6378,987000,2.9601,986000,9.0813,985000,1.2,984000,1
25322890,996000,2.8721,995000,13.1198,993000,5.6046,992000,7.9531,991000,86.5606,989000,11.8189,988000,18.1059,987000,3.7516,986000,1.6,985000,1.2
25322891,996000,2.8721,995000,13.1198,993000,4.6046,992000,11.4625,991000,71.4385,990000,4.6602,989000,45.3583,988000,0.3749,987000,3.7516,986000,8.8639
25322892,996000,2.8721,995000,13.1198,993000,2.6022,992000,11.4625,991000,10.0437,990000,7.5149,989000,18.205,988000,0.3749,987000,4.24,986000,7.2639
25322893,996000,2.8721,995000,13.1198,994000,7.716,993000,1.6022,992000,12.2118,990000,44.7726,989000,1.0005,988000,0.3749,987000,5.74,985000,0.2476
25322894,996000,2.8721,995000,13.1198,994000,6.61,993000,1.6022,992000,15.4293,990000,11.1059,989000,4.3753,988000,2.355,987000,44.2253,984000,0.2469
25322895,997000,11.1902,996000,3.8721,995000,13.1198,993000,14.4412,992000,19.2555,988000,8.7899,987000,43.1067,986000,2.94,985000,101.0544,984000,1.6
25322896,997000,14.1902,996000,3.7596,995000,14.1198,993000,8.2122,992000,6.9295,991000,19.264,990000,2.2855,989000,14.246,987000,31.003,986000,4.2602
25322897,997000,14.1902,996000,2,995000,13.1198,993000,11.2122,992000,5.5339,991000,12.9591,990000,2.0517,989000,6.561,987000,33.9641,986000,4.0188
25322898,997000,14.1902,996000,2,995000,13.1198,993000,11.2122,992000,42.3253,990000,0.4743,989000,30.561,988000,0.0201,987000,33.944,986000,1.6
25322899,996000,1,995000,13.1198,993000,12.2122,992000,42.3305,991000,0.5,990000,5.4736,989000,14.881,988000,0.0201,987000,31.6,986000,2.94
25322900,996000,1,995000,13.1198,993000,16.7416,992000,41.3516,991000,0.5,989000,17.3318,988000,34.221,987000,30,986000,7.2863,985000,105.5026
25322901,996000,6,995000,13.1198,993000,16.7416,992000,42.7468,991000,0.75,989000,10.9598,988000,7.6793,987000,30.0201,986000,1.6,985000,102.8971
25322902,996000,7,995000,13.1198,993000,15.2416,992000,5.8674,991000,0.375,989000,52.7421,988000,5,987000,33.8795,985000,107.0813,982000,0.1
25322903,998000,5.1214,997000,13.0777,996000,6,995000,13.1198,993000,16.5021,992000,38.1654,990000,60.4645,989000,4.561,988000,5.0201,987000,36.6586
25322904,998000,4.2339,997000,12.0777,996000,6,995000,25.9588,993000,0.9664,992000,80.758,990000,5.9007,989000,4.5811,988000,5,987000,35.9206
25322905,998000,4.2339,997000,12.0777,996000,6,995000,29.4649,994000,0.1,992000,94.2132,991000,5.4784,990000,3,989000,5.4726,988000,7.6
25322906,998000,6.0339,997000,12.0777,996000,6,995000,28.6198,994000,0.7,993000,16.4845,992000,80.6624,991000,40.8499,990000,3.8514,989000,6.1811
25322907,998000,4.2339,997000,12.0777,996000,6,995000,28.8198,994000,0.6131,993000,92.5537,992000,8.196,991000,5.0201,990000,5.0514,989000,6.161
25322908,998000,4.2339,997000,12.0777,996000,6,995000,28.8198,994000,0.8426,993000,12.975,992000,24.1868,990000,6.7019,989000,4.561,988000,9.1167
25322909,999000,43.5195,998000,6.2339,997000,13.0777,996000,6,995000,19.0472,993000,5.4823,992000,5,990000,30.1401,989000,5.1644,988000,7.0055
25322910,1002000,69.4694,1000000,231.7519,999000,46.5465,998000,6.2339,997000,2.7013,995000,6.8951,994000,28.4682,993000,20.0914,990000,19.169,989000,4.561
25322911,1005000,3.5,1002000,69.3735,1001000,11.313,1000000,240.3533,999000,6.5956,998000,3.9268,997000,21.676,996000,10,995000,1.6,993000,4.3311
25322912,1009000,1.49,1005000,13.6097,1003000,2.94,1002000,65.6794,1001000,13.4757,1000000,6.1599,999000,4.8512,998000,45.3448,997000,0.0199,995000,11.9999
25322913,1010000,31.0794,1009000,2.9775,1005000,12.9889,1003000,3.44,1002000,0.213,1000000,4.7401,999000,42.3227,998000,3.0318,997000,2.8199,995000,91.1736
25322914,1011000,36,1010000,31.0794,1009000,10.7421,1008000,2.7736,1005000,4.933,1002000,0.4494,1001000,25.8557,1000000,9.809,999000,40,997000,2.8
25322915,1009000,10.2546,1008000,2.7736,1006000,3.1,1005000,3.64,1004000,9.8338,1001000,14.6542,1000000,51.6549,999000,38.4565,998000,0.6199,997000,1.2
25322916,1010000,32.5669,1009000,1.49,1008000,5.7736,1006000,0.1,1005000,3.64,1003000,11.7803,1002000,5,1001000,1.3123,1000000,15.2547,999000,38.4565
25322977,1025000,0.57,1024000,43.03,1022000,1.7867,1020000,133.6367,1019000,0.1957,1016000,35.7714,1015000,15.1979,1014000,0.6856,1013000,5.2482,1012000,3.5942
25322978,1026000,0.01,1025000,1.3058,1024000,44.03,1022000,9.0689,1020000,72.6424,1019000,46.2208,1018000,15.1192,1017000,25.0689,1015000,8.6903,1014000,2.2856
25323039,1020000,20.317,1017000,51.0867,1015000,28.3135,1014000,8.388,1013000,12.9773,1012000,0.4489,1011000,4.1543,1010000,2.7085,1009000,2.0036,1008000,14.3901
25323100,1025000,3.469,1024000,6.9837,1022000,2.9908,1020000,15.9362,1019000,0.737,1018000,3.4573,1017000,32.7912,1016000,3.44,1015000,9.7136,1014000,1.3196
25323116,1028000,5.5512,1026000,31.2353,1025000,11.99,1024000,4.9681,1023000,19.947,1022000,1.1479,1021000,4.6235,1020000,5.5,1019000,28.6,1018000,3.1
25323117,1028000,6.5553,1026000,33.1981,1025000,11.99,1024000,4.9681,1023000,10.522,1022000,11.7361,1021000,2.3021,1020000,0.5,1019000,28.6,1018000,3.4
25323118,1028000,5.5512,1026000,34.1981,1025000,11.99,1024000,6.9681,1023000,18.4738,1022000,6.4528,1021000,0.5,1020000,0.5,1019000,28.6,1018000,2.9656
25323119,1028000,8.5512,1026000,33.1981,1025000,11.99,1024000,7.2262,1023000,12.3465,1022000,0.5569,1021000,0.5,1020000,0.5,1019000,50.9178,1018000,5.906
25323120,1028000,7.19,1026000,34.1981,1025000,11.99,1024000,35.9481,1023000,12.2401,1021000,0.4212,1020000,7.3142,1019000,36.384,1018000,5.906,1017000,1.3859
25323121,1028000,7.19,1026000,33.1981,1025000,12.99,1024000,27.9681,1023000,2.5647,1020000,12.2964,1019000,31.384,1018000,15.396,1017000,2.9859,1016000,1.8196
25323122,1028000,8.7578,1026000,30.1981,1025000,12.99,1024000,14.9621,1023000,0.0238,1022000,12.6848,1021000,36.405,1020000,4.5,1019000,4.74,1018000,15.396
25323123,1031000,2.997,1030000,37.6993,1028000,4.1859,1026000,53.4562,1025000,15.6951,1024000,2.4154,1023000,11.2594,1021000,31.405,1020000,2.5,1019000,6.34
25323124,1031000,2.997,1030000,30.1274,1028000,5.2096,1026000,28.7369,1025000,24.9014,1023000,0.672,1021000,37.6688,1020000,2.5,1019000,1.0375,1018000,2.8
25323125,1031000,2.997,1030000,32.5874,1028000,5.2096,1026000,27.9153,1024000,8.5373,1021000,1.3119,1020000,2.5,1019000,1.0375,1018000,0.6,1017000,4.1859
25323126,1028000,6.2137,1026000,29.9153,1024000,31.6009,1023000,4,1022000,10.0077,1020000,10.5009,1019000,24.0375,1018000,0.6,1017000,4.1859,1016000,3.54
25323127,1030000,31.5874,1029000,2.94,1028000,6.2137,1026000,30.9153,1024000,9.344,1022000,0.9146,1020000,20.484,1019000,29.4881,1018000,1.3,1017000,2.5859
25323128,1028000,6.2137,1026000,30.9153,1024000,34.6824,1023000,34.0074,1021000,0.45,1020000,0.8118,1019000,29.4881,1018000,0.6,1017000,1.3859,1016000,1.8
25323129,1024000,32,1023000,30,1021000,44.139,1020000,2.2012,1019000,7.0045,1017000,1.3806,1016000,0.6,1015000,15.7625,1014000,6.6055,1013000,6.4116
25323130,1024000,32,1023000,30,1021000,46.5202,1020000,2.2012,1019000,32.5722,1016000,2.3034,1015000,15.3542,1014000,1.2,1013000,29.5516,1012000,2.8464
25323131,1024000,33.0041,1023000,30,1021000,45.139,1020000,2.2012,1019000,26.4525,1017000,1.9456,1016000,13.2534,1015000,13.9137,1014000,10.77,1013000,8.8516
25323132,1026000,31.9143,1024000,33.0278,1023000,30,1021000,42.7112,1019000,28.9494,1017000,20.0806,1016000,3.05,1015000,13.9637,1014000,12.37,1013000,7.3212
25323133,1028000,9.1259,1026000,33.9225,1024000,32.0237,1023000,30,1021000,66.8242,1018000,3.515,1017000,7.05,1016000,24.05,1015000,13.9637,1014000,12.37
25323134,1026000,33.9225,1024000,30.0237,1023000,30,1021000,64.139,1019000,0.4895,1018000,4.6715,1017000,5.05,1016000,37.1435,1015000,4.8512,1014000,2.35
25323135,1024000,30.0237,1023000,31,1021000,64.7096,1020000,0.2153,1019000,14.9409,1018000,1.934,1017000,5.15,1016000,32.2535,1015000,4.8512,1014000,7.6642
25323136,1024000,31.0278,1023000,30,1021000,65.1374,1020000,0.2153,1019000,13.4842,1018000,1.934,1017000,0.15,1016000,23.15,1015000,4.8512,1014000,8.8642
25323137,1026000,32.9184,1024000,8.7776,1021000,24.9984,1020000,0.2153,1019000,24.8082,1018000,0.104,1017000,0.15,1016000,23.15,1015000,4.8512,1014000,5.4998
25323138,1024000,4.0278,1021000,34.2184,1020000,0.2153,1019000,2.4899,1018000,3.7023,1016000,19.7305,1015000,10.3512,1014000,0.25,1013000,17.8034,1012000,0.3964
25323139,1024000,5.0278,1021000,50.7475,1020000,0.2153,1019000,2.4899,1018000,0.9727,1016000,28.2445,1015000,10.3512,1014000,0.25,1013000,16.8034,1012000,3.1964
25323140,1021000,48.7375,1020000,0.2153,1019000,2.4899,1018000,3.7023,1017000,0.999,1016000,34.1677,1015000,10.3512,1014000,0.25,1013000,13.8634,1012000,6.1364
25323141,1024000,3.1303,1021000,29.9934,1020000,0.2153,1019000,1.685,1018000,3.133,1017000,32.0993,1016000,34.7426,1015000,5.8512,1014000,4.39,1013000,3.1812
25323142,1024000,3.213,1021000,28.995,1020000,0.2153,1019000,1.685,1018000,1.7222,1017000,5.05,1016000,34.2426,1015000,8.2912,1014000,1.45,1013000,3.1616
25323143,1024000,3.213,1021000,28.995,1020000,0.2153,1019000,1.685,1018000,1.1091,1017000,6.8364,1016000,34.2426,1015000,5.3512,1014000,5.99,1013000,3.1812
25323145,1026000,30.7464,1024000,3.213,1021000,28.995,1020000,0.2153,1019000,1.4502,1017000,34.8033,1016000,17.182,1015000,5.3512,1014000,5.99,1013000,3.1616
25323146,1028000,3.1859,1026000,29.8464,1024000,4.7982,1021000,5.995,1020000,2.0213,1017000,18.7919,1016000,17.182,1015000,5.3512,1014000,3.19,1013000,5.9616
25323147,1021000,3.7145,1020000,3.0213,1019000,3.2547,1018000,23,1017000,2.7917,1016000,1.3743,1015000,5.3512,1014000,5.25,1013000,26.1416,1012000,9.2164
25323148,1024000,4.0041,1021000,3.1813,1020000,1.0213,1019000,1.2547,1018000,29.459,1017000,1.1163,1014000,28.25,1013000,5.5344,1012000,6.1364,1011000,56.2266
25323149,1024000,4.0041,1021000,3.1813,1020000,1.0213,1019000,1.2547,1018000,32.459,1014000,12.0368,1013000,28.1416,1012000,3.3364,1011000,59.0266,1010000,27.5728
25323150,1026000,28.7423,1021000,6.1813,1020000,0.0213,1019000,2.2547,1018000,9.8179,1017000,4.5556,1014000,0.1105,1013000,33.1616,1012000,4.8841,1011000,59.5266
25323151,1026000,29.7423,1021000,8.1813,1020000,0.0213,1019000,0.9611,1018000,7.2138,1014000,5.6214,1013000,30.1616,1012000,5.3364,1011000,59.5266,1010000,27.5531
25323152,1021000,5.1813,1020000,1.0213,1019000,3.1068,1018000,5.8955,1015000,1.0799,1014000,1.0882,1013000,28.1616,1012000,5.3364,1011000,56.7266,1010000,30.3531
25323153,1026000,51.3087,1021000,5.1823,1020000,3.4282,1018000,1.5199,1014000,22.9945,1013000,35.5372,1012000,8.6674,1011000,59.6666,1010000,32.3531,1009000,5.1227
25323154,1021000,4.1823,1020000,1.3254,1018000,6.9005,1015000,23,1014000,20.332,1011000,68.0928,1010000,27.5531,1009000,7.9227,1008000,4.15,1007000,34.1697
25323155,1020000,1.3254,1018000,2.5199,1017000,1.1774,1016000,26,1014000,10.278,1011000,68.2299,1010000,28.0531,1009000,5.1227,1008000,9.09,1007000,35.3697
25323156,1020000,2.3213,1019000,4,1018000,3.5199,1017000,1.4168,1016000,23,1012000,8.1507,1011000,68.7302,1010000,28.0531,1009000,8.0253,1008000,9.09
25323157,1021000,6.6864,1020000,2.3213,1019000,5,1018000,7.3368,1017000,20.4717,1012000,2.7639,1011000,37.3093,1010000,28.0531,1009000,5.3253,1008000,6.15
25323158,1021000,4.1823,1020000,2.3213,1019000,6,1018000,6.8565,1017000,4.5013,1012000,2.6093,1011000,37.3203,1010000,28.0531,1009000,8.2653,1008000,6.15
25323159,1019000,6,1018000,6,1017000,3.5883,1013000,0.1491,1011000,3.5454,1010000,27.5531,1009000,5.3253,1008000,9.09,1007000,34.15,1006000,36.45
25323160,1020000,5.7145,1019000,6,1018000,4,1017000,7.8572,1014000,20.6427,1012000,65.6347,1010000,53.5531,1009000,7.8253,1008000,9.09,1007000,35.75
25323161,1024000,2.94,1021000,6.1864,1020000,4.4945,1017000,8.201,1014000,20.2729,1013000,19.9697,1012000,64.077,1011000,0.05,1010000,30.5531,1009000,12.1653
25323162,1021000,6.1864,1020000,4.4945,1017000,2.999,1016000,5.202,1014000,18.0286,1013000,13.2444,1012000,5.524,1011000,0.05,1010000,31.5531,1009000,10.7653
25323163,1021000,4.1823,1020000,3.7145,1017000,9.0869,1014000,31.4321,1013000,0.0844,1012000,0.1,1011000,0.05,1010000,32.5489,1009000,5.8253,1008000,8.69
25323164,1025000,4.5,1021000,4.1823,1020000,8.9271,1017000,8.201,1014000,1.4335,1013000,6.0809,1012000,5.05,1011000,52.03,1010000,29.5531,1009000,7.445
25323165,1021000,4.1823,1020000,14.7145,1019000,5.202,1018000,2.1025,1017000,1.2355,1016000,0.0131,1014000,9.3801,1013000,3.0822,1012000,1.65,1011000,1.25
25323166,1027000,2.94,1026000,44.5748,1025000,5.5041,1021000,4.1823,1020000,40.6945,1017000,2.5242,1016000,0.05,1015000,0.05,1014000,5.2227,1013000,3.0822
25323167,1026000,44.5748,1025000,1.0041,1021000,4.1823,1020000,4.7145,1019000,0.9238,1018000,65.4069,1017000,3,1015000,7.3111,1014000,0.3801,1013000,3.0822
25323168,1029000,5.44,1028000,4.6567,1026000,48.6148,1021000,2.8625,1020000,2.1359,1019000,57.1609,1018000,0.1974,1017000,3.05,1016000,0.05,1015000,3.2146
25323169,1026000,50.7173,1024000,0.9991,1023000,4.5927,1022000,2,1021000,2.8625,1020000,13.5303,1019000,2.2302,1018000,61.2213,1017000,3.05,1016000,0.05
25323170,1030000,40.4258,1029000,2.3708,1028000,4.7859,1026000,74.6148,1024000,4.2125,1020000,52.9936,1019000,0.7302,1018000,0.1154,1017000,11.8974,1016000,4.5929
25323171,1029000,2.3708,1028000,4.7859,1026000,52.2075,1025000,4.3756,1024000,7.2396,1021000,15.5624,1020000,67.7641,1019000,17.4445,1018000,0.1154,1017000,5.6524
25323172,1031000,1.998,1030000,38.3566,1029000,2.5,1028000,4.7859,1026000,51.2075,1024000,4.3699,1021000,36.27,1020000,57.7298,1019000,20.2445,1018000,0.1349
25323173,1029000,2.5,1028000,5.7859,1026000,47.6148,1025000,15.6962,1024000,4.9786,1021000,9.7064,1020000,59.5576,1019000,17.1263,1018000,3.0154,1017000,3.5103
25323174,1029000,1.5,1028000,3.7,1026000,47.6148,1025000,20.1288,1024000,3.8149,1021000,35.3864,1020000,51.7256,1019000,17.3569,1018000,0.2154,1017000,32.95
25323175,1030000,38.3566,1029000,1.5,1028000,3.7,1026000,47.6148,1025000,10.1605,1024000,38.6767,1021000,15.5361,1020000,3.2425,1019000,17.3288,1018000,4.69
25323176,1031000,1.998,1030000,41.3258,1029000,1.5,1028000,3.7,1026000,55.9661,1024000,31.2088,1021000,39.4228,1020000,0.7029,1019000,2.85,1018000,3.09
25323177,1031000,1.998,1030000,41.3258,1029000,1.5,1028000,29.68,1026000,9.9174,1024000,1.649,1023000,6.001,1022000,31.181,1021000,8.5168,1020000,0.7029
25323178,1031000,1.998,1030000,45.2658,1029000,2.3708,1028000,3.7,1026000,12.7433,1024000,0.1214,1023000,1.05,1022000,2.1407,1021000,13.1406,1020000,0.7029
25323179,1030000,45.2658,1029000,2.3708,1028000,4.7,1026000,9.3358,1025000,10.4982,1022000,0.0562,1021000,5.0869,1020000,13.966,1019000,4.5921,1018000,1.1557
25323180,1030000,45.2658,1029000,2.3708,1028000,5.2997,1026000,8.3358,1025000,66.7085,1022000,0.6178,1021000,0.1997,1020000,19.7009,1019000,4.5921,1018000,1.1557
25323181,1031000,1.998,1030000,46.1366,1029000,1.5,1028000,5.2997,1026000,50.9667,1022000,3.7113,1021000,1.1062,1020000,15.909,1019000,6.3949,1018000,1.7695
25323182,1030000,46.0033,1029000,1.5,1028000,4.2997,1026000,19.7127,1025000,52.244,1022000,3.7693,1021000,27.4818,1020000,14.9529,1019000,7.8949,1018000,0.1695
25323183,1029000,3.2375,1028000,4.3997,1026000,11.8189,1025000,12.1621,1024000,4.7908,1022000,0.1511,1021000,0.1062,1020000,1.7045,1019000,13.0042,1018000,0.15
25323184,1026000,9.3258,1025000,0.75,1023000,32.244,1022000,3.0133,1021000,4.6085,1020000,0.05,1019000,4.5921,1018000,4.5256,1017000,58.9997,1016000,0.1696
25323185,1028000,4.3997,1026000,21.5583,1025000,7.3531,1024000,4.346,1023000,36.7466,1019000,4.5921,1018000,4.5256,1017000,29.0193,1016000,3.09,1015000,2.95
25323187,1029000,3.2375,1028000,4.3997,1026000,21.5583,1024000,39.0979,1022000,6.8428,1019000,7.7469,1018000,0.15,1017000,28.9997,1016000,0.15,1015000,3.09
25323188,1028000,5.2707,1026000,19.2982,1024000,33.844,1023000,12.1493,1022000,5,1019000,22.8642,1018000,0.15,1017000,28.9997,1016000,0.15,1015000,5.7132
25323189,1028000,4.3997,1026000,19.2982,1024000,41.4439,1023000,3.8954,1022000,8.1443,1020000,14.3756,1019000,7.7689,1018000,5.15,1017000,28.9997,1016000,0.15
25323190,1026000,15.3258,1025000,8.4335,1024000,2.2475,1023000,1.8954,1022000,5,1020000,1.734,1019000,4.5421,1018000,10.1,1017000,30.0022,1016000,0.15
25323191,1028000,4.3997,1026000,11.9278,1024000,2.0958,1023000,0.3996,1022000,3.7676,1021000,0.2458,1020000,1.5,1019000,4.5421,1018000,5.1,1017000,29.9522
25323192,1026000,11.4483,1025000,15.4517,1024000,12.0958,1022000,0.0001,1021000,0.2018,1020000,8.2479,1019000,4.5421,1018000,10.1,1017000,32.7522,1016000,4.1696
25323193,1027000,2.94,1026000,12.462,1025000,10.0294,1024000,18.8147,1022000,0.0001,1019000,5.248,1018000,10.15,1017000,51.9997,1016000,4.15,1015000,2.95
25323194,1026000,11.462,1025000,10.0294,1024000,25.9349,1023000,5,1022000,16.8007,1019000,1.8134,1018000,7.7607,1017000,28.9997,1016000,4.15,1015000,2.95
25323195,1025000,0.0294,1024000,4.4391,1023000,9.9948,1022000,10,1021000,33.4569,1018000,10.7006,1017000,23.15,1016000,4.1696,1015000,5.3616,1014000,0.15
25323196,1029000,1.5,1028000,7.3397,1026000,15.8706,1025000,0.0294,1024000,11.1629,1021000,3.671,1019000,4.4256,1018000,35.3015,1017000,0.15,1016000,5.9696
25323197,1029000,2.5041,1028000,8.3397,1026000,14.2874,1025000,10.0294,1024000,11.9849,1021000,15.8552,1019000,3.4255,1018000,37.3015,1017000,0.15,1016000,4.1696
25323198,1029000,1.5,1028000,11.1788,1026000,10.4483,1025000,10.0294,1024000,4.5712,1023000,2.9049,1022000,41.1252,1021000,8.2918,1019000,1.05,1018000,30.3015
25323199,1028000,8.2388,1026000,9.4583,1025000,10.0294,1024000,0.9849,1023000,0.9979,1022000,1.4925,1021000,7.05,1019000,0.05,1018000,34.6102,1017000,0.15
25323200,1028000,10.822,1026000,9.4583,1025000,10.0294,1024000,10.9849,1023000,1.4979,1022000,1.8237,1021000,7.05,1020000,0.05,1019000,5.05,1018000,64.6315
25323201,1028000,5.3997,1027000,3.8391,1026000,9.4583,1025000,10.0294,1024000,0.9849,1022000,3.3986,1021000,7.05,1020000,0.05,1019000,15.3069,1018000,62.0228
25323202,1030000,41.524,1029000,9.3312,1028000,4.3997,1026000,9.4571,1025000,2.1634,1023000,0.853,1022000,6.4864,1021000,14.8812,1020000,1.05,1019000,1.65
25323203,1029000,9.3312,1028000,4.3997,1026000,9.4571,1025000,13.6285,1024000,2,1023000,0.853,1022000,1.4864,1021000,7.05,1020000,3.6381,1019000,2.85
25323204,1029000,1.5,1028000,5.3997,1026000,17.2883,1024000,7,1023000,2,1021000,22.1108,1020000,23.05,1019000,12.05,1018000,38.9228,1017000,0.1695
25323205,1028000,5.3997,1026000,9.4571,1024000,5,1023000,6.3901,1021000,4,1020000,0.2871,1019000,12.05,1018000,36.1228,1017000,0.15,1016000,6.95
25323206,1030000,45.464,1029000,4.7642,1028000,6.3997,1026000,16.704,1024000,5.8591,1020000,7.9806,1019000,17.8331,1018000,37.9608,1017000,2.95,1016000,6.5788
25323207,1028000,6.3997,1026000,9.4571,1025000,4,1024000,9.3258,1022000,4.1901,1020000,4.2708,1019000,5.05,1018000,60.9608,1017000,0.15,1016000,9.3592
25323208,1028000,7.8541,1026000,9.4571,1025000,4,1024000,2,1023000,1.8771,1022000,3.597,1020000,37.9556,1019000,5.05,1018000,60.9608,1017000,0.15
25323209,1028000,12.643,1026000,9.4571,1025000,4,1024000,3.8771,1023000,0.2215,1022000,1.7986,1020000,38.8249,1019000,5.05,1018000,60.9608,1017000,2.95
25323210,1028000,5.3997,1026000,9.4571,1025000,5.458,1024000,6.3756,1022000,0.226,1020000,3.2927,1019000,5.05,1018000,46.5798,1017000,0.15,1016000,13.3592
25323211,1026000,11.4612,1025000,4,1024000,12.43,1022000,1.4958,1020000,7.3376,1019000,0.8712,1018000,2.5461,1017000,23.85,1016000,6.5592,1015000,1.35
25323212,1029000,5.6917,1028000,5.3997,1026000,8.4583,1025000,1,1024000,3.627,1020000,5.113,1019000,7.4519,1018000,18.368,1017000,0.85,1016000,5.75
25323213,1029000,5.6917,1028000,5.3997,1026000,11.4583,1025000,17.0504,1022000,1.8679,1020000,5.113,1019000,21.8429,1018000,11.975,1017000,0.85,1016000,4.15
25323214,1028000,6.4038,1026000,11.4583,1025000,8.0265,1023000,1.4958,1022000,11.1522,1019000,0.75,1018000,9.4289,1017000,0.85,1016000,8.15,1015000,29.8761
25323215,1026000,14.3967,1025000,5,1024000,3,1022000,3,1018000,45.9859,1017000,30.32,1016000,35.433,1015000,29.0565,1014000,7.0242,1013000,3.3822
25323216,1026000,14.4008,1025000,5.8775,1024000,40.3967,1022000,3.7251,1020000,18.6641,1016000,0.814,1015000,23.15,1014000,10.1544,1013000,4.9822,1012000,4.19
25323217,1026000,12.3967,1025000,3.8775,1024000,15.2549,1023000,3.9122,1020000,1.8306,1018000,9.5995,1017000,31.209,1016000,5.15,1015000,0.15,1014000,10.1348
25323218,1027000,3.9441,1026000,12.3967,1025000,3.8775,1024000,16.2549,1023000,0.8306,1018000,8.2713,1017000,0.05,1016000,29.9414,1015000,2.95,1014000,10.1348
25323219,1028000,9.5171,1027000,3.9441,1026000,12.3967,1025000,3.8775,1024000,29.3867,1023000,110.2524,1018000,36.344,1017000,1.7783,1016000,1.9414,1015000,2.95
25323220,1029000,4.8405,1028000,10.0441,1026000,6.4583,1025000,14.1775,1024000,9.9789,1023000,79.9772,1020000,31.41,1019000,10,1018000,1.2,1017000,1.7783
25323221,1030000,41.5281,1029000,2.4275,1028000,26.69,1026000,14.7028,1025000,5.4097,1023000,93.1417,1020000,31.41,1019000,10,1018000,2.8,1017000,0.05
25323222,1030000,40.524,1029000,5.3675,1028000,4.7,1026000,9.3967,1025000,5.9123,1023000,92.9464,1020000,31.41,1019000,10,1018000,2.8,1017000,0.05
25323223,1029000,2.4275,1028000,4.7,1026000,39.3805,1025000,2.8775,1024000,2.6677,1023000,81.6995,1020000,31.41,1019000,10,1018000,2.8,1017000,0.05
25323224,1029000,2.4275,1028000,4.7,1026000,10.3967,1025000,2.8775,1024000,2.6677,1023000,70.1985,1020000,31.225,1019000,10,1017000,2.85,1016000,8.901
25323225,1029000,2.4275,1028000,4.7,1026000,11.3887,1025000,2.8775,1024000,2.6677,1023000,16.5682,1019000,41.32,1017000,2.85,1016000,4.901,1015000,29.0565
25323226,1030000,43.4681,1029000,2.4275,1028000,12.2435,1026000,9.3967,1025000,3.4699,1023000,2.4,1020000,10.2489,1019000,33,1017000,2.85,1016000,4.8814
25323227,1029000,6.4316,1028000,5.7,1026000,38.3767,1025000,0.6459,1024000,1.6267,1019000,35.8969,1017000,2.8,1016000,4.851,1015000,29.0065,1014000,6.0848
25323228,1029000,5.4275,1028000,4.7,1026000,9.3967,1025000,36.4056,1023000,9.7501,1019000,17.257,1018000,31.294,1016000,27.6063,1015000,29.0065,1014000,6.0848
25323230,1028000,5.7,1026000,9.3967,1025000,0.6459,1024000,9.7501,1023000,4.3756,1019000,25.9597,1016000,7.651,1015000,52.0065,1014000,6.0848,1013000,3.3322
25323231,1029000,5.4275,1028000,5.7,1026000,9.3967,1025000,5.0215,1023000,4.4061,1019000,15.7333,1018000,2.5256,1017000,8.193,1016000,27.851,1015000,31.8065
25323232,1028000,6.7041,1026000,10.3967,1025000,9.7501,1023000,2.4041,1022000,0.3,1019000,13.5,1018000,30.988,1016000,6.051,1015000,30.6065,1014000,6.0848
25323233,1030000,39.524,1029000,5.4275,1028000,35.6841,1026000,12.3653,1025000,4.4163,1019000,26.9038,1016000,4.851,1015000,30.4065,1014000,6.0848,1013000,3.3322
25323234,1030000,39.524,1029000,6.4316,1028000,6.7,1026000,11.2446,1025000,15.2051,1020000,0.2829,1019000,26.8038,1016000,5.851,1015000,30.6065,1014000,6.0848
25323235,1029000,5.4275,1028000,6.7041,1026000,16.1516,1025000,35.8056,1024000,1.9071,1019000,27.5805,1016000,5.8314,1015000,29.8065,1014000,6.1044,1013000,7.3322
25323236,1029000,6.4316,1028000,6.7,1026000,6.4015,1025000,4.5146,1024000,4.4075,1019000,38.2851,1016000,14.1374,1015000,30.2065,1014000,6.0848,1013000,7.3518
25323237,1028000,5.7,1026000,6.6015,1025000,0.1,1024000,5.697,1023000,0.0141,1019000,35.2851,1018000,21.3158,1016000,2.8914,1015000,32.1176,1014000,8.9044
25323238,1029000,9.3716,1028000,5.7,1026000,6.6015,1024000,8.6131,1023000,1.1761,1020000,0.0186,1019000,36.2851,1018000,0.8874,1016000,2.8914,1015000,34.9176
25323239,1029000,8.3675,1028000,4.7,1026000,35.7674,1025000,6.2383,1023000,2.4734,1020000,1.5916,1019000,36.0851,1018000,0.8874,1016000,2.911,1015000,34.9176
25323240,1029000,9.3716,1028000,5.7,1026000,9.5399,1025000,31.0902,1023000,7.0699,1019000,37.7935,1018000,19.2923,1016000,2.8914,1015000,34.9176,1014000,9.0248
25323241,1029000,2.4275,1028000,6.2041,1026000,16.6475,1025000,1.8627,1023000,35.74,1022000,2.5908,1019000,32.2209,1018000,0.8874,1017000,1,1016000,2.911
25323242,1029000,2.4275,1028000,5.8166,1026000,10.3399,1025000,1.8627,1023000,0.2956,1022000,8.5778,1020000,23,1019000,31.6789,1018000,1.8573,1017000,5
25323243,1030000,40.5281,1029000,2.4275,1028000,5.2,1027000,30.3457,1026000,9.2875,1025000,0.7035,1022000,22.0315,1020000,23,1019000,37.2984,1016000,2.8914
25323244,1032000,4.0115,1031000,2.098,1030000,43.524,1029000,23.4275,1028000,2.2555,1025000,7.1785,1024000,59.5396,1023000,4,1022000,10.4773,1021000,8.0195
25323245,1032000,3.117,1031000,3.098,1030000,43.0363,1029000,2.4275,1028000,4.2481,1026000,1.5088,1025000,17.8211,1024000,30,1023000,4,1022000,10.28
25323246,1032000,4.117,1031000,2.098,1030000,42.0363,1029000,5.308,1028000,5.1979,1026000,0.6646,1025000,15.1148,1024000,30,1023000,15.9815,1022000,9.8086
25323247,1032000,5.117,1031000,2.098,1030000,40.4691,1029000,6.308,1028000,1.9231,1027000,2.2262,1026000,6.4952,1025000,2,1024000,26.98,1023000,12.0508
25323248,1034000,3.4422,1033000,2.9975,1032000,5.117,1031000,2.098,1030000,10.9187,1028000,9.5521,1027000,6.1148,1025000,2,1024000,16.9565,1023000,9.0038
25323249,1033000,3.9975,1032000,5.117,1031000,2.098,1030000,40.184,1029000,0.1888,1027000,2.5674,1025000,4.6121,1024000,15.0228,1023000,9.0035,1022000,7.94
25323250,1032000,4.117,1031000,11.8623,1030000,18.543,1029000,9.3218,1027000,5.5305,1024000,61.3767,1023000,6.94,1022000,6.2,1021000,10.6247,1020000,4
25323251,1032000,4.117,1031000,2.098,1030000,22.9948,1029000,9.2712,1028000,2.3148,1025000,4.3756,1024000,41.9318,1023000,19.645,1022000,5.2,1021000,15.6316
25323252,1033000,4.9975,1032000,4.117,1031000,11.2471,1030000,22.4865,1029000,2.4267,1025000,10.0503,1024000,16.9837,1023000,19.645,1022000,6.8,1021000,9.4733
25323253,1033000,2.9975,1032000,3.117,1031000,2.098,1030000,21.8675,1029000,24.2255,1025000,9.2825,1024000,22.4697,1023000,4,1022000,4,1021000,12.2733
25323254,1033000,2.9975,1032000,3.117,1031000,2.098,1030000,21.8675,1029000,41.512,1025000,100.8919,1024000,15.9568,1023000,12.5355,1022000,5,1021000,11.6308
25323255,1032000,3.117,1031000,2.098,1030000,20.8675,1029000,5.61,1028000,29.8962,1026000,15.582,1025000,95.6935,1024000,18.8968,1023000,4,1022000,6.6
25323256,1032000,3.117,1031000,13.0249,1030000,20.8675,1029000,5.55,1028000,42.2743,1026000,56.6644,1025000,101.6943,1024000,18.8968,1023000,4,1022000,5
25323257,1032000,3.117,1031000,2.098,1030000,38.8675,1029000,5.1657,1028000,21.3591,1027000,30.3714,1026000,54.6159,1025000,100.6943,1024000,18.8968,1023000,4
25323258,1033000,3.6067,1032000,3.117,1031000,2.098,1030000,37.8128,1029000,3.1079,1028000,38.3681,1027000,32.5844,1026000,59.6159,1025000,86.079,1024000,15.9568
25323259,1033000,3.6067,1032000,3.117,1031000,2.098,1030000,42.8087,1029000,3.1079,1028000,60.0707,1027000,32.5844,1026000,59.6159,1025000,114.7035,1024000,16.309
25323260,1033000,3.6067,1032000,3.117,1031000,2.098,1030000,42.8087,1029000,1.5987,1028000,38.2943,1027000,32.5844,1026000,59.6159,1025000,116.529,1024000,16.309
25323261,1033000,3.6067,1032000,3.117,1031000,2.098,1030000,24.8087,1029000,1.5987,1028000,13.4743,1027000,29.7444,1026000,52.5559,1025000,116.529,1024000,16.309
25323262,1033000,8.5133,1032000,3.117,1031000,2.098,1030000,33.877,1029000,0.5987,1028000,42.8717,1027000,52.5624,1026000,52.5559,1025000,117.0859,1024000,7.409
25323263,1033000,8.5133,1032000,3.117,1031000,2.098,1030000,56.561,1029000,1,1028000,33.3624,1027000,39.6347,1026000,49.6159,1025000,118.8524,1024000,6.209
25323264,1033000,2.9975,1032000,3.117,1031000,2.098,1030000,32.9003,1028000,9.3,1027000,28.9732,1026000,49.6159,1025000,115.9124,1024000,9.149,1023000,4
25323265,1034000,2.4577,1033000,2.9975,1032000,3.4043,1031000,2.098,1030000,28.4184,1028000,43.7302,1027000,15.3793,1026000,44.7159,1025000,115.3555,1024000,9.149
25323266,1033000,2.9975,1032000,3.4043,1031000,2.098,1030000,28.2394,1029000,2.7434,1027000,8.9793,1026000,78.3125,1025000,91.1709,1024000,9.149,1023000,4
25323267,1033000,2.9975,1032000,3.4043,1031000,2.098,1030000,60.841,1029000,1.7716,1027000,10.4293,1026000,78.7125,1025000,91.1709,1024000,9.149,1023000,4
25323268,1033000,2.9975,1032000,3.4043,1031000,2.098,1030000,30.7041,1029000,26.5512,1027000,5.3324,1026000,73.7125,1025000,101.0916,1024000,38.6187,1023000,4
25323269,1033000,2.9975,1032000,3.4043,1031000,2.098,1030000,25.1856,1029000,37.1649,1026000,8.891,1025000,81.0916,1024000,37.7359,1023000,4,1022000,4
25323270,1033000,2.9975,1032000,3.4043,1031000,2.098,1030000,25.1856,1029000,46.9961,1027000,0.185,1026000,43.5717,1025000,81.0916,1024000,34.7959,1023000,13.0643
25323272,1033000,2.9975,1032000,10.7733,1031000,0.1,1030000,25.1856,1029000,12.5955,1027000,28.7039,1026000,38.5096,1025000,81.0916,1024000,34.7959,1023000,13.0643
25323273,1033000,2.9975,1032000,10.6733,1031000,0.1,1030000,25.1856,1029000,36.0184,1027000,22.1653,1026000,42.5096,1025000,81.0916,1024000,34.7959,1023000,13.0643
25323274,1034000,2.3577,1033000,7.6563,1032000,3.017,1031000,0.1,1030000,47.7101,1028000,6.3607,1027000,48.3666,1026000,37.5096,1025000,41.0916,1024000,34.7959
25323275,1035000,16.3714,1034000,13.5593,1032000,22.997,1031000,0.1,1030000,22.4764,1029000,1.56,1028000,6.3607,1027000,68.5636,1026000,36.5096,1025000,31.1709
25323276,1035000,14.3436,1034000,19.072,1032000,3.4816,1031000,0.1,1030000,23.7276,1029000,1.1797,1028000,42.5993,1027000,69.0551,1026000,33.5696,1025000,32.1709
25323277,1035000,18.0555,1034000,11.1108,1032000,3.4816,1031000,30.08,1030000,17.4889,1029000,17.7904,1028000,76.1403,1027000,66.9951,1026000,4.973,1025000,12.1709
25323278,1035000,17.3436,1034000,14.1742,1032000,31.4716,1031000,0.1,1030000,15.0967,1028000,82.2139,1027000,59.8988,1026000,4.973,1025000,11.1709,1024000,34.7959
25323279,1035000,17.3436,1034000,14.1742,1032000,33.007,1031000,0.1,1030000,0.571,1028000,78.1862,1027000,59.8988,1026000,7.913,1025000,11.1709,1024000,34.7959
25323280,1034000,11.1108,1032000,3.6298,1031000,2.1,1030000,0.571,1029000,2.3468,1028000,72.1862,1027000,62.8988,1026000,13.913,1025000,12.1709,1024000,34.7959
25323281,1034000,11.3705,1032000,3.6298,1031000,2.1,1030000,0.571,1029000,1.0687,1028000,73.1862,1027000,62.8988,1026000,13.913,1025000,11.1709,1024000,34.7959
25323282,1035000,17.3436,1034000,11.3705,1032000,3.017,1031000,2.1,1030000,0.571,1029000,6.0329,1028000,67.5624,1027000,63.8988,1026000,5.973,1025000,14.1109
25323283,1036000,0.01,1035000,17.3436,1034000,12.2651,1032000,7.3927,1031000,2.1392,1029000,4.3387,1028000,57.0624,1027000,63.8988,1026000,8.913,1025000,13.9709
25323284,1036000,0.01,1035000,17.3436,1034000,11.2651,1032000,7.3927,1031000,3.0201,1028000,57.1718,1027000,60.8988,1026000,5.973,1025000,11.1709,1024000,39.7959
25323285,1036000,0.01,1035000,17.3436,1034000,36.4131,1032000,3.017,1031000,5.7391,1028000,63.6465,1027000,60.8988,1026000,8.913,1025000,11.1709,1024000,39.7959
25323286,1034000,10.3705,1032000,3.017,1031000,2.3355,1030000,1.386,1029000,3.6255,1028000,66.2909,1027000,60.8988,1026000,5.973,1025000,11.1709,1024000,39.7959
25323287,1035000,17.3436,1034000,11.0023,1032000,3.017,1031000,2.3355,1030000,1.6517,1028000,37.3944,1027000,40.9533,1026000,5.973,1025000,11.1709,1024000,42.7359
25323288,1032000,4.5444,1031000,30.825,1030000,5.0436,1029000,0.999,1028000,8.0701,1027000,1,1026000,7.0775,1025000,8.2754,1024000,10.3262,1023000,37.8001
25323289,1030000,1.4608,1028000,7.8888,1027000,0.9611,1026000,0.1893,1025000,16.357,1024000,10.1995,1023000,39.4727,1022000,10.1812,1021000,11.0264,1020000,34.1646
25323290,1031000,1.9289,1030000,10.6679,1028000,8.8415,1027000,10.9611,1025000,14.7119,1023000,25.7616,1022000,4.1,1021000,11.0264,1020000,31.8646,1019000,2.0327
25323291,1031000,1.9289,1030000,11.6679,1028000,8.8415,1027000,33.3871,1024000,10.3925,1023000,29.6591,1022000,4.1,1021000,16.0264,1020000,31.3646,1019000,0.8327
25323292,1029000,2.94,1028000,7.8888,1027000,10.8361,1026000,4.7748,1023000,3.1671,1022000,2.1114,1021000,11.0264,1020000,36.3646,1019000,0.8327,1018000,4.9636
25323293,1029000,2.94,1028000,37.8888,1027000,15.2963,1026000,30.7547,1023000,10.1439,1022000,2.2924,1021000,11.0264,1020000,36.3646,1019000,0.8327,1018000,4.9636
25323294,1029000,2.94,1028000,37.8888,1027000,15.2963,1026000,29.7647,1023000,12.5881,1022000,1.1428,1021000,15.3259,1020000,31.3646,1019000,0.8327,1018000,4.9636
25323295,1029000,2.94,1028000,38.8888,1027000,14.0314,1026000,1.1415,1023000,14.2426,1021000,9.2132,1020000,42.665,1019000,1.8327,1018000,5.9636,1017000,1
25323296,1029000,3.9678,1028000,40.8888,1027000,14.4602,1026000,32.6233,1023000,9.0003,1021000,11.98,1020000,40.665,1019000,1.8327,1018000,5.9636,1017000,3.8
25323297,1028000,40.8888,1027000,17.4002,1026000,5.6233,1023000,3.6282,1022000,8.0559,1021000,13.3275,1020000,32.3646,1019000,10.138,1018000,5.9636,1017000,1
25323298,1028000,10.8888,1027000,16.4002,1026000,3.8759,1023000,1,1022000,3.6556,1021000,7.4926,1020000,32.4346,1019000,10.138,1018000,5.9636,1017000,1
25323299,1028000,7.8888,1027000,16.4002,1026000,8.2515,1023000,1,1022000,3.5556,1021000,0.8333,1020000,32.9346,1019000,10.138,1018000,5.9636,1017000,1
