25279580,12750000,1.3797,12720000,0.943,12700000,10.5446,12690000,3.2902,12680000,0.0022,12670000,0.01,12640000,0.5225,12630000,1.05,12620000,1,12610000,1.2763
25279581,12720000,0.943,12700000,10.5446,12690000,2.8902,12680000,0.0719,12670000,0.4396,12660000,0.0024,12640000,0.5325,12630000,0.1458,12620000,1,12610000,1.1892
25279582,12750000,1.3797,12730000,0.005,12720000,0.943,12700000,10.5446,12690000,2.9834,12660000,0.7202,12640000,0.5,12630000,0.1458,12620000,1,12610000,1.1892
25279583,12770000,0.057,12750000,1.3847,12720000,0.943,12700000,10.5446,12690000,3.2784,12670000,0.01,12660000,2.5042,12640000,0.6019,12630000,0.05,12620000,1
25279584,12740000,0.005,12720000,0.943,12700000,11.2976,12690000,1.5002,12680000,0.0882,12660000,0.1126,12640000,0.7972,12630000,0.05,12620000,1,12610000,1.1892
25279585,12740000,0.005,12720000,0.943,12700000,11.2976,12690000,3.3902,12680000,0.5831,12640000,0.6982,12630000,2.0502,12620000,1,12610000,2.1892,12600000,5.9419
25279586,12740000,0.1314,12720000,0.943,12700000,11.2976,12690000,1.4902,12680000,0.1228,12640000,0.7421,12630000,0.05,12620000,1,12610000,2.2653,12600000,4.0424
25279587,12720000,0.943,12700000,10.5446,12690000,1.4902,12680000,0.1128,12650000,0.1605,12640000,0.1199,12630000,0.05,12620000,1,12610000,2.2688,12600000,5.3622
25279588,12740000,0.005,12720000,0.943,12700000,10.5446,12690000,3.3902,12680000,0.5731,12650000,0.237,12640000,0.1331,12630000,0.1484,12620000,1.01,12610000,2.1892
25279589,12720000,0.943,12700000,10.5446,12690000,2.7518,12680000,0.1998,12650000,0.213,12640000,0.079,12620000,1.558,12610000,2.2875,12600000,4.0424,12590000,4.4116
25279590,12730000,0.1314,12720000,0.943,12700000,10.5446,12690000,3.1902,12680000,0.0346,12650000,0.8255,12640000,2.519,12630000,0.0821,12620000,1.01,12610000,2.1892
25279591,12730000,0.005,12720000,0.943,12700000,10.5446,12690000,1.4902,12680000,0.1116,12660000,0.4976,12640000,0.996,12630000,0.0821,12620000,1.01,12610000,2.1892
25279592,12730000,0.005,12720000,0.943,12700000,10.5446,12690000,3.0902,12680000,0.8092,12660000,0.7568,12640000,0.0921,12620000,1.01,12610000,2.1892,12600000,5.0408
25279593,12780000,0.0328,12770000,0.057,12750000,2.0108,12730000,0.0038,12700000,9.9122,12690000,1.5425,12660000,0.9086,12650000,0.0038,12640000,0.0921,12620000,1.01
25279594,12790000,1.7253,12780000,0.0328,12770000,0.057,12750000,1.753,12730000,0.0173,12700000,0.2824,12690000,0.1173,12680000,0.0761,12660000,0.2213,12650000,0.0038
25279595,12800000,7.361,12790000,1.9361,12780000,0.0328,12770000,0.007,12750000,1.3177,12680000,1.3825,12650000,0.0458,12640000,0.138,12630000,0.008,12620000,9.0182
25279596,12870000,0.0002,12830000,0.0422,12800000,7.311,12790000,3.4428,12780000,0.2124,12750000,0.05,12740000,0.2515,12690000,0.0028,12680000,1.8861,12670000,7.9587
25279597,12880000,0.054,12870000,0.9432,12830000,0.0422,12800000,0.075,12790000,1.3174,12750000,0.6259,12700000,8.2916,12690000,0.9328,12680000,1.8861,12650000,0.0458
25279598,12880000,0.0961,12870000,0.0002,12830000,0.0001,12800000,0.075,12790000,1.6674,12760000,1.9385,12750000,0.533,12740000,8.0504,12730000,0.9,12720000,0.004
25279599,12890000,0.0627,12880000,0.2648,12870000,0.0002,12850000,0.0061,12830000,0.9431,12800000,0.2195,12780000,1.5921,12770000,0.8959,12760000,1.3703,12750000,0.0963
25279600,12880000,0.054,12870000,0.9432,12850000,0.0061,12830000,1.5406,12820000,1.6624,12800000,0.1584,12780000,0.0368,12770000,7.9733,12760000,1.9403,12750000,0.05
25279601,12880000,1.2578,12870000,0.0002,12850000,0.0061,12830000,0.0001,12820000,0.1031,12800000,1.8615,12780000,0.9463,12770000,8.1584,12750000,0.05,12740000,0.107
25279602,12920000,0.0002,12910000,0.0062,12900000,0.8333,12890000,0.0627,12880000,0.0674,12850000,1.2334,12820000,1.1499,12810000,0.302,12800000,0.356,12790000,0.9
25279603,12940000,0.5028,12930000,0.9431,12920000,0.0816,12910000,0.0959,12860000,0.0004,12840000,0.7335,12830000,1.6689,12820000,1.2825,12810000,7.9017,12800000,0.1392
25279604,12940000,0.5744,12930000,0.0001,12920000,0.0002,12910000,0.0062,12900000,0.0074,12870000,0.2329,12860000,0.6079,12850000,0.0421,12840000,8.8295,12830000,1.4462
25279605,12950000,0.0001,12940000,0.2234,12930000,0.0001,12920000,0.0002,12910000,0.0732,12890000,0.4753,12870000,1.2257,12860000,1.2669,12850000,0.9,12840000,7.915
25279606,12970000,0.0882,12960000,0.0001,12950000,0.0001,12940000,0.396,12930000,0.0001,12920000,1.2876,12910000,1.1826,12900000,1.6084,12890000,0.3053,12870000,1
25279607,12950000,0.9431,12940000,0.396,12930000,1.5063,12920000,1,12910000,0.811,12900000,0.5397,12880000,0.0781,12870000,1,12840000,0.0452,12830000,0.9074
25279608,12950000,0.9431,12940000,0.2234,12930000,0.8533,12910000,0.02,12900000,0.5187,12870000,0.9552,12850000,0.0901,12830000,0.9501,12820000,0.5232,12810000,7.8845
25279609,12940000,0.2234,12930000,0.1001,12910000,0.4406,12900000,0.1,12890000,0.0121,12850000,0.1902,12840000,0.352,12830000,1.0045,12820000,0.0602,12810000,7.8974
25279610,12940000,0.2234,12930000,0.4001,12910000,0.4406,12900000,0.1,12890000,0.3049,12870000,0.0428,12850000,0.2002,12840000,0.352,12830000,0.1045,12820000,7.8845
25279611,12930000,0.0001,12910000,1.2658,12900000,1.6366,12880000,0.01,12870000,0.5,12840000,1.1336,12820000,0.0846,12810000,7.8974,12800000,0.3576,12770000,0.1007
25279612,12940000,0.6486,12930000,0.0001,12910000,1.2387,12900000,1.9263,12870000,3.078,12840000,0.581,12830000,0.1894,12820000,0.9846,12800000,0.1672,12790000,7.9011
25279613,12930000,0.0851,12910000,1.2387,12900000,1.8894,12880000,0.3,12870000,0.048,12800000,0.7391,12790000,0.9,12770000,0.2529,12750000,8.8135,12710000,0.5045
25279614,12940000,0.2234,12930000,0.0851,12910000,0.9327,12900000,4.1174,12880000,0.309,12780000,0.7696,12770000,1.1529,12750000,0.8528,12740000,7.9369,12720000,0.226
25279615,12930000,0.0001,12910000,1.0177,12900000,4.7861,12880000,2.6324,12870000,3.735,12810000,0.4,12800000,2.1732,12780000,0.1913,12770000,0.0707,12760000,0.9
25279616,12940000,0.2234,12930000,0.0851,12910000,1.0027,12900000,7.6105,12880000,0.7946,12820000,0.3158,12810000,1.0309,12800000,0.5102,12770000,1.1674,12750000,0.8798
25279617,12940000,0.2234,12930000,0.1868,12910000,1.0027,12900000,9.9125,12880000,0.7258,12820000,0.3158,12810000,0.5458,12770000,1.1546,12750000,0.8425,12730000,7.9152
25279618,12900000,9.8077,12880000,0.7979,12870000,0.01,12860000,0.0216,12850000,0.2178,12820000,0.05,12810000,0.9772,12790000,2.1411,12780000,0.1,12770000,1.1465
25279619,12930000,0.0001,12910000,1.9624,12900000,6.8105,12880000,0.2623,12850000,0.1947,12840000,0.02,12820000,0.05,12810000,1.3682,12790000,1.5733,12780000,0.1
25279620,12930000,0.0851,12910000,1.9624,12900000,6.8105,12880000,0.3876,12850000,0.0052,12840000,0.9108,12820000,0.05,12810000,1.3682,12790000,0.1918,12780000,0.1
25279621,12940000,0.2234,12930000,0.0851,12910000,1.9624,12900000,6.8105,12880000,0.0594,12850000,1.6402,12840000,0.9108,12830000,0.0766,12820000,0.05,12810000,0.7732
25279622,12940000,0.2234,12930000,0.0851,12910000,1.9624,12900000,6.7105,12880000,0.1353,12850000,3.6017,12840000,0.0029,12820000,0.05,12810000,0.8696,12800000,0.0049
25279623,12980000,0.0401,12970000,0.5074,12960000,0.0493,12950000,0.0081,12940000,4.7129,12930000,0.2241,12910000,0.0908,12900000,0.03,12860000,0.1845,12850000,1.7322
25279624,12980000,0.0401,12970000,0.0822,12960000,0.0493,12950000,0.0081,12940000,1.9257,12930000,0.0425,12880000,1.6229,12870000,1.6006,12860000,0.1393,12850000,1.4472
25279625,12980000,0.0401,12970000,0.0822,12960000,0.0493,12950000,0.0081,12940000,0.4552,12910000,2.878,12900000,3.7733,12880000,1.1457,12870000,0.1437,12860000,0.0372
25279626,13020000,0.6313,13010000,0.7016,13000000,5.3345,12990000,1.8929,12980000,2.7304,12920000,0.1526,12910000,1.0814,12900000,0.085,12880000,0.9694,12870000,0.1437
25279627,13000000,5.3325,12990000,0.8929,12980000,1.373,12970000,2.537,12930000,0.14,12920000,0.465,12910000,0.1009,12900000,0.07,12880000,0.9694,12870000,0.1437
25279628,13000000,5.2495,12990000,2.6139,12970000,0.4609,12920000,0.2911,12910000,0.0784,12890000,0.02,12880000,2.5494,12870000,0.06,12850000,0.008,12840000,0.0115
25279629,13000000,5.7729,12990000,2.0905,12970000,0.4609,12920000,0.2911,12910000,0.0003,12900000,0.5,12890000,0.5216,12880000,2.1464,12870000,0.1587,12850000,0.008
25279630,13030000,0.1001,13020000,0.0033,13010000,0.7097,13000000,5.2495,12990000,2.7627,12930000,2.3389,12920000,2.3989,12890000,0.0096,12880000,1.1465,12870000,0.1587
25279631,13030000,0.1001,13020000,0.0033,13010000,0.8143,13000000,5.7729,12990000,1.003,12960000,1.8807,12940000,1.8958,12930000,0.51,12920000,0.0002,12890000,0.1912
25279632,13040000,0.0001,13030000,0.1001,13020000,0.0033,13010000,0.7016,13000000,3.652,12990000,4.2521,12920000,0.007,12890000,0.7678,12880000,0.9694,12870000,0.1587
25279633,13050000,1.4165,13040000,0.0001,13030000,0.1001,13020000,0.0033,13010000,0.6404,13000000,0.2,12990000,5.3594,12920000,0.054,12890000,0.0096,12880000,0.01
25279634,13080000,0.4992,13060000,0.2759,13050000,1.4289,13040000,0.1024,13030000,0.0001,13020000,1.5521,13010000,0.34,13000000,2.7958,12920000,0.0451,12890000,0.0096
25279635,13050000,1.4165,13040000,0.0001,13030000,1.0911,13010000,0.04,12980000,0.3674,12960000,0.507,12920000,1.51,12890000,0.0444,12880000,0.01,12870000,1.1648
25279636,13040000,0.0401,13030000,1.6747,13020000,0.4917,12990000,0.548,12980000,0.006,12940000,1.0761,12930000,1.3564,12920000,0.0002,12890000,0.1689,12870000,0.1539
25279637,13030000,1.1515,13020000,0.2972,12980000,1.8636,12970000,2.5143,12960000,1.4897,12940000,0.1416,12920000,0.0002,12890000,0.0096,12870000,0.1221,12850000,0.2424
25279638,13020000,0.2972,13000000,0.0202,12980000,0.0338,12960000,0.8555,12950000,0.6092,12920000,65.9788,12890000,0.0096,12870000,0.1288,12850000,0.1568,12840000,0.0029
25279639,13020000,0.1826,13000000,0.8109,12980000,0.0338,12950000,0.5588,12940000,1.0872,12900000,0.1298,12890000,0.0096,12870000,0.1288,12850000,0.008,12840000,0.0029
25279640,12980000,0.0338,12950000,0.6933,12940000,0.0653,12910000,2.0518,12900000,1.531,12870000,0.6368,12850000,0.008,12840000,0.0029,12830000,0.0696,12810000,0.3515
25279641,13010000,0.0066,13000000,1.9443,12980000,0.0338,12960000,0.9322,12950000,0.5788,12900000,1.6165,12880000,1.8445,12870000,0.8188,12850000,0.008,12840000,0.0529
25279642,13010000,0.2836,13000000,1.0646,12980000,0.0338,12950000,0.7325,12930000,0.9312,12920000,0.3542,12900000,3.2473,12880000,0.5039,12870000,2.1121,12850000,0.008
25279643,13010000,0.0066,13000000,1.0646,12980000,0.0338,12950000,0.7225,12930000,0.0089,12920000,1.679,12910000,0.515,12900000,0.9342,12880000,0.5039,12870000,0.1121
25279644,13020000,0.1826,13000000,1.1902,12980000,0.0338,12950000,0.7593,12930000,0.1054,12920000,1.3996,12900000,0.7019,12880000,0.5039,12870000,0.1121,12850000,0.0481
25279645,13020000,0.6194,13010000,0.1077,13000000,0.9365,12980000,0.545,12950000,0.3996,12920000,1.2698,12900000,0.8927,12880000,0.0052,12870000,0.1121,12850000,0.008
25279646,13020000,0.6738,13000000,1.0318,12980000,0.787,12960000,0.4276,12950000,0.0002,12900000,1.1958,12870000,2.1121,12850000,0.0462,12840000,0.5016,12830000,0.0196
25279647,12980000,0.0338,12960000,0.0052,12950000,1.1448,12910000,0.0001,12880000,0.2326,12870000,0.2718,12850000,0.0399,12840000,0.5016,12830000,0.0267,12810000,0.02
25279648,13000000,1.4187,12980000,0.4148,12960000,1.8052,12950000,0.0798,12940000,1.3443,12890000,0.1123,12880000,1.6579,12870000,0.1121,12850000,1.008,12840000,0.5331
25279649,13000000,2.3617,12980000,0.4148,12960000,0.0052,12950000,0.0808,12940000,1.9478,12890000,2.0226,12880000,1.5007,12870000,0.1121,12850000,1.0403,12840000,0.5016
25279650,13000000,2.5076,12980000,0.0338,12960000,0.0052,12950000,0.0808,12940000,0.134,12900000,0.1292,12890000,1.8393,12880000,1.5007,12870000,0.1121,12850000,1.0403
25279651,13020000,0.1826,13000000,1.8998,12980000,0.0338,12950000,0.0808,12940000,0.088,12910000,0.0267,12900000,0.6642,12890000,0.1396,12880000,0.51,12870000,0.1121
25279652,13020000,0.7987,13000000,0.8109,12980000,0.1383,12950000,0.0012,12940000,0.1375,12930000,0.1288,12920000,0.9953,12900000,0.4046,12880000,1.5,12870000,0.1121
25279653,13030000,1.0585,13020000,0.3124,13010000,0.6078,13000000,0.8194,12980000,0.3095,12940000,1.1341,12900000,0.2904,12880000,1,12870000,0.1184,12850000,0.0403
25279654,13030000,1.0585,13020000,0.3339,13010000,0.7152,13000000,0.8111,12990000,1.5494,12940000,1.1176,12920000,0.2,12900000,0.531,12880000,0.1383,12870000,0.4184
25279655,13040000,0.0001,13030000,1.0585,13020000,0.1909,13000000,2.0311,12950000,1.3663,12890000,0.8533,12880000,0.6539,12870000,0.4184,12850000,0.008,12840000,0.5016
25279656,13010000,0.0064,13000000,1.1002,12930000,0.7152,12920000,1.1797,12900000,1.0497,12890000,0.2541,12870000,0.1184,12850000,0.308,12840000,0.0029,12830000,0.0196
25279657,12960000,0.0075,12920000,0.9169,12910000,0.7532,12900000,0.6176,12840000,0.146,12830000,0.08,12810000,0.563,12800000,0.857,12790000,0.1,12770000,0.9626
25279658,13000000,0.8111,12970000,0.1564,12910000,1.5438,12900000,0.1285,12890000,1.2932,12830000,0.132,12810000,0.02,12800000,0.857,12790000,0.1,12770000,0.9626
25279659,12970000,0.1564,12910000,0.4143,12890000,0.7153,12860000,0.534,12840000,0.3831,12810000,0.0178,12800000,0.857,12790000,0.1,12770000,0.9626,12750000,2.0849
25279660,12970000,1.1115,12940000,0.0106,12890000,0.7153,12830000,0.002,12820000,0.2017,12810000,1.4639,12800000,0.8223,12790000,0.1,12770000,0.9626,12750000,2.0849
25279661,12970000,1.086,12940000,0.0937,12890000,0.7153,12850000,0.5043,12830000,0.002,12810000,0.8709,12800000,2.7598,12790000,0.1,12770000,0.9626,12750000,2.0849
25279662,13000000,1.8971,12940000,0.7258,12930000,0.3573,12890000,0.6413,12880000,2.7535,12820000,0.2486,12810000,0.8709,12800000,2.7598,12790000,0.1,12770000,0.9626
25279663,13000000,2.0401,12950000,0.008,12920000,0.3719,12890000,0.8333,12840000,0.1068,12830000,0.1256,12820000,1.0485,12810000,0.9274,12800000,0.7463,12790000,0.1
25279664,12920000,0.3719,12890000,0.6413,12870000,0.548,12840000,0.1068,12830000,0.2102,12820000,0.0607,12810000,0.8154,12800000,1.2482,12790000,0.1,12770000,0.9626
25279665,12930000,0.2,12920000,1.7624,12890000,0.6413,12840000,0.1068,12830000,0.0452,12810000,0.0711,12800000,2.2482,12790000,0.1,12770000,0.9626,12760000,0.008
25279666,12900000,0.0066,12890000,0.8012,12870000,0.4781,12840000,0.1068,12830000,0.0827,12800000,1.9758,12790000,0.619,12770000,0.9688,12750000,2.0609,12730000,7.9153
25279667,12920000,0.7152,12900000,0.1217,12890000,0.6413,12840000,0.1068,12830000,0.0737,12810000,0.5,12800000,2.7728,12790000,0.6023,12770000,0.9688,12750000,2.0609
25279668,12900000,0.1153,12890000,0.6413,12850000,0.4645,12840000,0.1068,12830000,1.0131,12820000,0.3179,12810000,1.8,12800000,1.7463,12790000,0.6023,12770000,0.9688
25279669,12900000,0.0066,12890000,0.6413,12840000,0.1068,12830000,0.4645,12820000,0.5235,12810000,0.1323,12800000,2.7463,12790000,0.6023,12770000,1.0739,12750000,2.3809
25279670,12950000,1.8092,12890000,0.6912,12840000,0.1068,12820000,0.0104,12810000,0.599,12800000,2.9585,12790000,0.6071,12770000,1.0677,12750000,2.3809,12730000,7.9153
25279671,12900000,0.1779,12890000,0.6528,12840000,0.1068,12820000,0.0104,12810000,0.95,12800000,2.2395,12790000,0.1048,12770000,1.0677,12750000,2.3809,12730000,7.9153
25279672,13010000,0.003,13000000,0.9422,12950000,1.8895,12900000,0.1779,12890000,0.6464,12840000,0.8378,12830000,0.633,12810000,1.1537,12800000,1.7463,12790000,0.6071
25279673,12950000,0.7232,12900000,0.1779,12890000,0.6935,12880000,0.004,12870000,0.0124,12840000,1.0218,12830000,0.1,12810000,1.0757,12800000,1.7463,12790000,0.1048
25279674,12900000,0.1779,12890000,0.0358,12880000,0.004,12870000,0.0124,12850000,0.0222,12830000,0.2996,12820000,0.522,12810000,1.173,12800000,1.8059,12790000,0.1
25279675,12950000,0.7232,12900000,0.1779,12890000,0.0075,12880000,0.3468,12870000,0.1366,12830000,0.8405,12810000,3.3275,12800000,1.7463,12790000,0.3297,12780000,0.4
25279676,12950000,0.7232,12900000,0.1779,12890000,0.0075,12870000,0.1366,12860000,0.01,12830000,1.015,12810000,1.5274,12800000,1.7463,12790000,0.1,12780000,0.4
25279677,12990000,0.143,12960000,0.0083,12950000,0.7232,12930000,0.543,12900000,0.2781,12890000,0.5,12880000,1.4511,12860000,0.521,12850000,0.36,12840000,0.1
25279678,13000000,1.8852,12950000,0.7232,12940000,0.0065,12930000,0.0079,12900000,0.2781,12890000,0.5158,12880000,0.3706,12840000,1.54,12830000,0.2251,12810000,1.7308
25279679,13000000,1.9002,12950000,0.7232,12940000,0.0065,12920000,0.516,12900000,0.2939,12880000,0.354,12840000,2.254,12830000,0.2251,12820000,0.0047,12810000,1.7247
25279680,13020000,0.1908,13010000,1,13000000,1.9002,12970000,1.6,12950000,0.8658,12870000,0.0066,12840000,3.7661,12830000,0.2251,12810000,1.5213,12800000,0.8021
25279681,12950000,1.17,12940000,1,12930000,0.0096,12910000,0.9836,12900000,0.449,12870000,0.0066,12840000,1.0917,12830000,0.2251,12810000,3.1226,12800000,0.8021
25279682,12990000,0.1022,12950000,0.008,12930000,0.0096,12910000,1.4737,12900000,2.337,12870000,0.0066,12840000,0.9142,12830000,0.2251,12810000,3.1581,12800000,0.8021
25279683,12950000,0.008,12930000,0.5206,12920000,2.6412,12910000,0.3652,12900000,0.5,12870000,0.2231,12840000,1.4372,12830000,0.2251,12810000,3.197,12800000,1.1996
25279684,12990000,0.1022,12950000,0.008,12930000,1.2736,12920000,2.6412,12910000,0.7121,12880000,0.0052,12840000,1.5362,12830000,0.2251,12810000,3.197,12800000,0.8377
25279685,12950000,0.008,12930000,0.5206,12910000,0.7221,12900000,0.3548,12890000,0.3919,12840000,1.9008,12830000,0.2251,12820000,0.1789,12810000,1.5291,12800000,0.8379
25279686,13020000,0.1826,13010000,1,13000000,0.8482,12990000,1.7092,12910000,1.1053,12860000,2.8903,12850000,1.4195,12840000,0.3002,12830000,0.2709,12810000,1.5213
25279687,13000000,0.8482,12990000,1.7092,12980000,0.8644,12930000,0.3719,12910000,0.112,12870000,0.1417,12860000,1.7321,12850000,1.4195,12840000,0.3002,12830000,0.2251
25279688,13010000,1,13000000,0.9026,12990000,1.7092,12980000,0.282,12970000,2.9986,12900000,0.7022,12870000,0.8796,12860000,0.6328,12850000,0.0188,12840000,0.3002
25279689,13010000,1,13000000,2.1176,12990000,0.7662,12970000,0.5442,12930000,0.2636,12910000,0.2917,12900000,1.4814,12870000,0.2378,12860000,0.5402,12850000,0.008
25279690,13010000,1,13000000,1.8031,12990000,1.0926,12970000,1.2974,12920000,0.2536,12900000,0.4038,12870000,0.2375,12860000,0.4639,12850000,0.008,12840000,0.3002
25279691,12990000,0.8206,12970000,0.4625,12960000,1.3592,12930000,4.4783,12920000,0.7532,12900000,0.112,12870000,0.5085,12860000,0.4639,12850000,0.008,12840000,0.3002
25279692,12990000,0.7662,12970000,0.1489,12960000,1.6312,12940000,0.2536,12910000,0.5612,12900000,0.03,12890000,0.0066,12870000,0.546,12860000,0.4639,12850000,0.008
25279693,13010000,1,13000000,0.8057,12990000,0.8206,12970000,0.4209,12960000,0.212,12910000,1.9036,12900000,0.003,12890000,0.0066,12860000,0.9604,12850000,0.008
25279694,13000000,0.8057,12990000,0.753,12970000,0.1489,12960000,0.0102,12930000,0.2423,12910000,2.0636,12900000,0.9818,12890000,0.0066,12860000,0.2702,12850000,0.0533
25279695,13010000,1.0544,13000000,1.3057,12990000,0.753,12970000,0.1489,12960000,0.0085,12950000,0.0518,12930000,1.4223,12920000,0.3231,12910000,1.0646,12900000,0.2434
25279696,13000000,1.3057,12990000,0.753,12970000,0.1489,12960000,0.113,12940000,0.1525,12930000,3.4062,12920000,0.5667,12910000,0.6026,12900000,0.0051,12850000,0.0569
25279697,12990000,0.753,12970000,0.1489,12960000,0.113,12940000,0.0027,12930000,0.1,12910000,0.0008,12900000,1.0051,12850000,0.0569,12840000,0.7124,12830000,0.2251
25279698,12990000,0.753,12970000,0.1489,12960000,0.0085,12950000,0.355,12940000,0.0033,12930000,0.0214,12910000,2.218,12900000,1.0051,12850000,0.4315,12840000,0.3002
25279699,13000000,1.3057,12990000,0.753,12970000,0.1489,12960000,0.0085,12950000,0.01,12920000,0.2321,12910000,2.1037,12900000,1.2491,12850000,1.5615,12840000,0.3002
25279700,13000000,1.3057,12990000,0.753,12970000,0.5039,12960000,0.0085,12950000,0.077,12920000,0.8644,12910000,1.9983,12900000,1.244,12850000,1.5615,12840000,0.3002
25279701,13000000,0.515,12990000,0.753,12970000,0.1489,12960000,0.3635,12950000,0.3266,12920000,1.949,12910000,1.2478,12850000,0.1955,12840000,0.3002,12830000,0.2447
25279702,12990000,0.7597,12970000,0.1489,12960000,0.0085,12930000,0.9087,12920000,0.029,12870000,0.2331,12860000,0.5133,12850000,0.2993,12840000,0.3002,12830000,0.2447
25279703,12990000,1.1941,12970000,0.1489,12960000,0.6571,12930000,0.1555,12920000,0.029,12880000,0.9724,12870000,2.6909,12860000,0.0053,12850000,0.2553,12840000,0.3002
25279704,12970000,0.1489,12960000,0.0085,12950000,0.4227,12930000,0.2955,12920000,0.0166,12910000,0.404,12880000,1.2222,12870000,0.5,12860000,0.0053,12850000,0.1553
25279705,12990000,0.0067,12970000,0.3331,12960000,0.0085,12930000,0.2955,12920000,2.8708,12890000,0.2427,12880000,3,12860000,0.0053,12850000,0.1553,12840000,0.3002
25279706,13030000,1.9515,13010000,1,13000000,0.9212,12990000,0.0067,12970000,1.3544,12910000,0.3548,12890000,0.2198,12860000,0.0053,12850000,0.1553,12840000,0.3427
25279707,13000000,0.9212,12980000,0.0056,12970000,0.1302,12960000,2.061,12950000,1.2576,12920000,0.2419,12910000,1.2229,12870000,0.2239,12850000,0.1553,12840000,0.3002
25279708,13000000,0.4868,12990000,0.5,12980000,0.0056,12970000,0.1302,12940000,0.6218,12920000,0.01,12910000,1.2229,12870000,0.2241,12850000,0.1553,12840000,0.3002
25279709,12980000,0.0056,12970000,0.1302,12940000,0.2822,12920000,0.1259,12910000,0.9969,12870000,0.2238,12850000,0.1553,12840000,0.3002,12830000,0.2888,12810000,1.02
25279710,13000000,3.615,12990000,0.5868,12980000,0.0056,12970000,0.9665,12900000,0.01,12880000,0.05,12870000,0.0041,12850000,0.3944,12840000,0.3002,12830000,0.2447
25279711,13010000,1,13000000,3.615,12990000,1.229,12970000,1.6302,12960000,1.3871,12870000,0.2753,12850000,0.1867,12840000,0.3002,12830000,0.2447,12810000,1.0592
25279712,12950000,0.032,12940000,0.0126,12930000,0.5,12870000,0.4746,12860000,0.6268,12840000,0.104,12830000,0.2447,12810000,1.02,12800000,0.7463,12790000,0.1
25279713,12950000,0.0975,12940000,0.0098,12930000,1.3431,12880000,0.1594,12860000,0.0001,12820000,1.0868,12810000,3.0381,12800000,0.7463,12790000,0.1,12780000,0.4
25279714,12950000,1.1071,12940000,0.0098,12930000,1.3398,12920000,0.6053,12910000,1.4107,12820000,0.1845,12810000,3.0381,12800000,0.7463,12790000,0.1,12780000,0.4
25279715,12970000,0.3181,12950000,0.008,12940000,0.723,12910000,2.0822,12900000,0.446,12820000,0.6067,12810000,3.0381,12800000,0.7463,12790000,0.1,12780000,0.4
25279716,12940000,0.7132,12920000,0.0077,12910000,0.4174,12890000,1.0472,12880000,0.2101,12830000,0.1636,12820000,0.1272,12810000,2.0371,12800000,1.1213,12790000,0.1
25279717,12970000,0.3181,12950000,0.008,12920000,0.0077,12910000,1.0986,12890000,1.4426,12820000,0.5772,12810000,1.02,12800000,1.1213,12790000,0.1,12780000,0.4063
25279718,12950000,0.008,12920000,0.0077,12910000,1.4812,12890000,4.0172,12880000,0.1594,12830000,0.2113,12820000,0.0627,12810000,1.52,12800000,1.1213,12790000,0.1
25279719,12950000,1.0936,12910000,0.0474,12900000,0.006,12890000,1.7832,12880000,0.7182,12810000,1.428,12800000,1.1213,12790000,0.1,12780000,0.4063,12770000,0.9626
25279720,12950000,0.1506,12910000,0.0474,12900000,0.3253,12890000,1.07,12870000,2.5403,12810000,3.8216,12800000,1.1213,12790000,0.1049,12780000,0.4,12770000,0.9626
25279721,12970000,0.0453,12950000,1.0936,12910000,0.7452,12900000,0.3253,12890000,3.7739,12810000,2.4291,12800000,2.1342,12790000,0.1049,12780000,0.4,12770000,0.9626
25279722,12970000,0.1879,12950000,3.1642,12900000,0.3253,12890000,0.5,12870000,0.3036,12810000,1.0659,12800000,2.1213,12790000,0.1049,12780000,0.4,12770000,0.9626
25279724,12930000,0.7132,12900000,1.0139,12890000,0.0047,12880000,0.1594,12870000,0.3006,12830000,1.02,12810000,1.7855,12800000,2.1213,12790000,0.1049,12780000,0.4
25279725,12970000,0.1879,12950000,3.266,12940000,0.9457,12890000,0.0047,12870000,0.5557,12820000,0.0075,12810000,2.299,12800000,2.1251,12790000,0.1,12780000,0.4
25279726,12980000,1.0991,12970000,1.1309,12950000,1.6035,12940000,1.7474,12890000,0.0047,12870000,0.095,12810000,1.2607,12800000,2.1251,12790000,0.1,12780000,0.4
25279727,12950000,1.508,12940000,1.2323,12890000,0.0047,12880000,0.049,12870000,0.412,12820000,1.2336,12810000,1.5607,12800000,2.1744,12790000,0.1,12780000,0.4
25279728,12950000,1.508,12940000,0.5191,12890000,0.0047,12880000,0.049,12870000,0.0877,12830000,0.3511,12820000,1,12810000,1.2607,12800000,2.1566,12790000,0.1
25279729,12940000,0.9132,12890000,0.0047,12880000,0.049,12870000,0.1006,12820000,0.7724,12810000,1.2607,12800000,2.1073,12790000,0.1,12780000,0.4,12770000,0.9626
25279730,12970000,0.9883,12950000,1.8867,12940000,2.2956,12930000,1.5104,12920000,0.9872,12810000,1.9167,12800000,2.1035,12790000,0.1,12780000,0.4,12770000,0.9626
25279731,12950000,2.0194,12940000,0.8994,12930000,1.0004,12910000,2.7997,12890000,0.7532,12810000,2.8833,12800000,2.1035,12790000,0.1,12780000,0.4,12770000,0.9626
25279732,12950000,2.0194,12940000,0.8994,12930000,1.6639,12900000,1.2532,12890000,0.274,12810000,3.7176,12800000,2.5437,12790000,0.1,12780000,0.4,12770000,0.9626
25279733,12970000,0.278,12950000,1.8867,12940000,0.8994,12930000,2.8244,12890000,0.264,12830000,1.03,12820000,1,12810000,1.5158,12800000,2.5437,12790000,0.1
25279734,12980000,1.0991,12970000,0.31,12950000,1.8769,12940000,1.3629,12930000,3.508,12840000,2.008,12830000,0.5446,12820000,1,12810000,1.2759,12800000,2.1035
25279735,12970000,0.278,12950000,1.8769,12940000,1.3629,12930000,3.73,12920000,0.0149,12840000,1.8793,12820000,1.514,12810000,1.7931,12800000,2.1035,12790000,0.1
25279736,12950000,1.8769,12940000,1.3629,12930000,1.8956,12920000,0.5753,12880000,0.0395,12860000,0.05,12850000,0.03,12830000,0.009,12820000,1.1657,12810000,1.7815
25279737,12940000,0.6994,12930000,2.4122,12920000,0.7532,12880000,0.1695,12860000,0.2576,12830000,1.009,12820000,1,12810000,1.7815,12800000,2.153,12790000,0.1
25279738,12940000,0.6994,12930000,1.7487,12920000,1.4167,12880000,0.1695,12860000,3.6015,12840000,0.05,12830000,0.009,12820000,1,12810000,1.7815,12800000,2.153
25279739,12940000,1.201,12930000,1.7487,12920000,1.4487,12880000,0.1695,12860000,1.2616,12840000,0.05,12830000,0.009,12810000,2.7815,12800000,2.153,12790000,0.1
25279740,12930000,1.7487,12920000,1.5443,12910000,0.532,12880000,0.1695,12860000,0.5804,12840000,0.05,12810000,2.196,12800000,1.153,12790000,0.1,12780000,0.9
25279741,12930000,1.7487,12920000,0.6635,12910000,0.5,12880000,1.0631,12860000,0.8145,12830000,0.05,12810000,1.2562,12800000,1.1035,12790000,0.1,12780000,0.9
25279742,12930000,1.7487,12910000,1.2466,12880000,0.0895,12860000,0.0051,12830000,0.447,12810000,0.4591,12800000,1.1035,12790000,0.1,12780000,0.9,12770000,0.9626
25279743,12910000,1.1635,12890000,1.0703,12880000,0.0895,12860000,0.0051,12830000,0.4175,12810000,0.9636,12800000,1.1035,12790000,0.1,12780000,0.9,12770000,1.0122
25279744,12940000,1.0683,12930000,1.7487,12910000,1.1635,12890000,0.8259,12880000,1.3748,12800000,0.1996,12790000,0.1662,12780000,0.9,12770000,1.0122,12750000,0.2411
25279745,12910000,0.5,12890000,0.2641,12880000,1.1635,12870000,0.5768,12860000,3.3728,12790000,0.3,12780000,0.9,12770000,1.0211,12750000,0.2411,12730000,7.9153
25279746,12880000,0.0107,12870000,0.1,12860000,1.0324,12840000,1.1632,12830000,2.8724,12760000,0.9845,12750000,0.1411,12730000,7.9153,12720000,0.0061,12710000,1.1012
25279747,12880000,0.0107,12870000,0.1,12860000,1.6639,12840000,0.5256,12830000,2.1192,12750000,1.1411,12730000,7.9153,12720000,0.0559,12710000,1.1012,12700000,3.7868
25279748,12890000,0.2641,12880000,0.9537,12870000,0.1,12860000,2.8018,12830000,0.9192,12750000,1,12740000,0.3488,12730000,7.9153,12720000,0.0559,12710000,1.1012
25279749,12870000,0.1,12860000,2.0569,12850000,0.04,12830000,1.8535,12820000,0.886,12750000,1,12740000,0.3488,12730000,7.9153,12720000,0.0559,12710000,1.1012
25279750,12850000,0.008,12830000,0.4361,12800000,0.5,12790000,0.02,12750000,0.4192,12730000,8.554,12720000,0.0559,12710000,1.1076,12700000,3.4673,12690000,0.0937
25279751,12850000,0.7445,12840000,0.0065,12820000,0.0834,12790000,0.02,12750000,0.4263,12730000,8.4786,12720000,0.0559,12710000,1.1076,12700000,3.4673,12690000,0.0937
25279752,12860000,1.0004,12850000,1.6531,12840000,0.0065,12790000,0.02,12750000,0.6092,12740000,1,12730000,8.1356,12720000,0.0559,12710000,1.1076,12700000,3.4673
25279753,12850000,0.6715,12840000,0.0451,12810000,0.943,12790000,0.02,12750000,0.2628,12740000,1,12730000,8.1356,12720000,0.061,12710000,1.1012,12700000,3.4673
25279754,12850000,0.0852,12840000,0.0065,12820000,0.975,12790000,0.02,12750000,0.2628,12740000,1.7593,12730000,8.1356,12720000,0.061,12710000,1.1012,12700000,3.4673
25279755,12890000,1.2071,12850000,0.6715,12820000,0.0432,12790000,0.02,12750000,0.2628,12740000,3.4491,12730000,6.6902,12720000,0.061,12710000,1.1012,12700000,3.4673
25279756,12890000,1.2071,12850000,0.7101,12820000,0.0046,12790000,0.02,12750000,0.2628,12740000,4.0489,12730000,6.6902,12720000,0.061,12710000,1.1012,12700000,0.1784
25279757,12890000,1.9285,12850000,0.008,12820000,0.0366,12790000,0.02,12750000,0.001,12740000,4.0809,12730000,6.6941,12720000,0.0559,12710000,1.1012,12700000,0.1784
25279758,12910000,0.6327,12890000,1.8706,12850000,0.008,12820000,0.0046,12790000,0.0585,12760000,0.0024,12750000,0.2766,12740000,5.3421,12730000,6.6941,12720000,0.0559
25279759,12910000,0.6327,12890000,0.9276,12850000,0.008,12820000,0.0046,12790000,0.089,12760000,0.0524,12740000,6.2166,12730000,6.6941,12720000,0.0559,12710000,1.1012
25279760,12880000,1.6635,12850000,0.008,12820000,0.0046,12790000,0.089,12760000,0.0226,12740000,6.1519,12730000,6.6941,12720000,0.0559,12710000,1.1012,12700000,0.0862
25279761,12890000,0.2641,12880000,1.6635,12850000,0.008,12820000,0.0046,12790000,0.099,12740000,8.0122,12730000,6.6941,12720000,0.0559,12710000,1.1012,12700000,0.0862
25279762,12890000,1.2071,12880000,1,12850000,0.6715,12820000,0.0046,12790000,0.1599,12740000,7.2116,12730000,6.6941,12720000,0.0559,12710000,1.1012,12700000,0.0862
25279763,12880000,1,12850000,0.6715,12820000,0.0046,12790000,0.089,12770000,0.2085,12740000,7.1669,12730000,6.6941,12720000,0.0559,12710000,1.1012,12700000,0.1152
25279764,12870000,0.032,12850000,0.6715,12820000,0.0046,12790000,0.089,12770000,0.2085,12740000,10.023,12730000,6.6941,12720000,0.0559,12710000,1.1012,12700000,0.1152
25279766,12870000,0.6635,12850000,0.008,12820000,0.0046,12790000,0.089,12770000,0.2388,12750000,0.0109,12740000,9.6432,12730000,6.6941,12720000,0.0559,12710000,1.1012
25279767,12870000,1.6065,12850000,0.008,12820000,0.0046,12790000,0.089,12770000,0.0403,12740000,7.439,12730000,6.6941,12720000,0.0499,12710000,1.1012,12700000,0.1152
25279768,12870000,1.6385,12850000,0.008,12820000,0.0046,12790000,0.089,12770000,0.0425,12750000,1.02,12740000,4.8003,12730000,6.6941,12720000,0.0499,12710000,1.1012
25279769,12870000,1.6065,12850000,0.008,12820000,0.0046,12790000,0.069,12770000,0.0425,12750000,0.6468,12740000,4.9863,12730000,6.6941,12720000,0.0499,12710000,1.1012
25279770,12870000,0.6635,12850000,0.008,12820000,0.9476,12790000,0.069,12770000,0.0022,12760000,0.558,12740000,5.9863,12730000,6.6941,12720000,0.0499,12710000,1.1012
25279771,12880000,1,12870000,1.6065,12850000,0.008,12820000,0.0046,12790000,0.0609,12750000,0.8782,12740000,5.8263,12730000,6.6941,12720000,0.0499,12710000,1.1012
25279772,12850000,0.008,12820000,0.0046,12800000,2.455,12790000,0.0609,12780000,0.1312,12760000,0.5,12750000,2.9726,12740000,4.9863,12730000,6.6941,12720000,0.0499
25279773,12880000,1,12870000,0.943,12850000,0.008,12820000,0.0046,12800000,1.7829,12770000,0.2346,12760000,0.0426,12750000,2.9726,12740000,4.9863,12730000,6.6941
25279774,12880000,1,12870000,1.6065,12850000,0.008,12820000,0.3496,12800000,1.7873,12760000,0.1238,12750000,2.9726,12740000,4.9863,12730000,6.6941,12720000,0.0499
25279775,12880000,1,12870000,1.6065,12850000,1.0615,12820000,0.3496,12800000,1.9244,12760000,0.6238,12750000,3.9726,12740000,4.9863,12730000,6.6941,12720000,0.0001
25279776,12880000,1.1327,12870000,0.943,12850000,1.725,12820000,0.3496,12800000,2.0943,12750000,1.9506,12740000,4.9863,12730000,6.6941,12720000,0.0001,12710000,1.1012
25279777,12880000,1.1327,12870000,0.943,12850000,1.725,12820000,0.3496,12800000,5.1938,12790000,0.0384,12750000,2.9646,12740000,4.8003,12730000,6.6941,12720000,0.0001
25279778,12880000,1.1327,12870000,0.943,12850000,1.725,12820000,0.3496,12800000,1.7629,12750000,3.1897,12740000,4.8003,12730000,6.6941,12720000,0.0001,12710000,1.1012
25279779,12880000,1,12870000,0.943,12850000,4.4924,12820000,0.3496,12800000,2.7464,12760000,0.0671,12750000,4.6897,12740000,4.8003,12730000,6.6941,12720000,0.0001
25279780,12870000,0.943,12850000,5.1559,12820000,0.3496,12800000,0.9535,12790000,0.5,12750000,1.4158,12740000,4.2344,12730000,6.6941,12720000,0.0001,12710000,1.1012
25279781,12870000,0.943,12850000,6.4129,12820000,0.3496,12800000,0.1984,12790000,0.0662,12750000,1.4158,12740000,4.2964,12730000,6.6941,12720000,0.0001,12710000,1.1012
25279782,12850000,6.4129,12820000,0.3496,12800000,0.1984,12790000,0.0065,12780000,0.51,12750000,4.8532,12740000,4.2964,12730000,6.6941,12720000,0.0001,12710000,1.1012
25279783,12870000,0.943,12850000,6.4129,12820000,0.3496,12800000,0.1984,12790000,0.0065,12780000,2.8675,12750000,0.1807,12740000,4.2344,12730000,6.6941,12720000,0.0001
25279784,12880000,1.943,12850000,6.4129,12820000,0.3496,12800000,0.1984,12790000,0.0065,12780000,1.7551,12750000,1.1807,12740000,4.2344,12730000,6.6941,12720000,0.0001
25279785,12880000,1.1327,12850000,6.4129,12820000,0.3496,12800000,0.9735,12790000,0.5,12780000,0.4992,12750000,1.1807,12740000,4.2344,12730000,6.6941,12720000,0.0001
25279786,12880000,1.1327,12850000,5.3594,12820000,0.3496,12800000,0.1984,12780000,0.3203,12740000,4.2154,12730000,6.6941,12720000,0.0001,12710000,1.1012,12700000,0.0862
25279787,12840000,4.3894,12820000,0.3496,12800000,1.2519,12780000,0.5,12770000,0.3203,12740000,3.4803,12730000,6.6941,12720000,0.0001,12710000,1.1012,12700000,0.0862
25279788,12840000,4.3894,12820000,0.3496,12800000,1.2519,12780000,1.9205,12770000,0.3203,12740000,3.4603,12730000,6.6941,12720000,0.0001,12710000,1.1012,12700000,0.0862
25279789,12840000,4.3894,12820000,0.3496,12800000,1.9888,12780000,1.5781,12770000,0.3303,12740000,3.5712,12730000,6.6941,12720000,0.0001,12710000,1.1012,12700000,0.0862
25279790,12850000,6.3024,12840000,4.3894,12820000,0.3496,12800000,3.4618,12790000,0.3203,12740000,3.5712,12730000,6.6941,12720000,0.0001,12710000,1.1632,12700000,0.0862
25279791,12880000,1.1327,12850000,5.3594,12840000,4.7048,12820000,2.7677,12800000,1.5777,12740000,6.9543,12730000,6.6941,12720000,0.0001,12710000,1.1012,12700000,6.5399
25279792,12840000,4.7048,12820000,0.3496,12800000,1.2574,12790000,0.2451,12780000,0.0852,12750000,0.02,12740000,7.7371,12730000,6.6941,12720000,0.0001,12710000,1.1012
25279793,12850000,5.3594,12840000,4.7048,12820000,0.3496,12800000,1.3066,12790000,0.003,12760000,0.0312,12750000,2.314,12740000,5.5709,12730000,6.6941,12720000,0.0001
25279794,12890000,0.3968,12860000,0.0038,12850000,5.3594,12840000,1.5527,12830000,0.1252,12780000,0.1763,12770000,0.06,12760000,0.0312,12740000,5.5709,12730000,6.6902
25279795,12890000,0.2641,12860000,0.0038,12850000,5.3594,12840000,0.7995,12830000,0.0981,12790000,0.2116,12780000,0.0174,12760000,0.5344,12740000,7.9292,12730000,6.6902
25279796,12890000,0.2641,12860000,0.0038,12850000,5.3594,12840000,0.7995,12830000,1.0132,12810000,0.0686,12800000,0.7054,12780000,0.0174,12760000,0.5032,12740000,7.9292
25279797,12900000,0.1631,12890000,0.2641,12860000,0.0038,12850000,5.3594,12840000,0.7995,12820000,1.184,12800000,0.7054,12780000,0.0074,12760000,0.5032,12740000,7.9292
25279798,12910000,0.7056,12900000,0.0304,12890000,0.2641,12860000,0.0038,12850000,2.8031,12840000,0.4973,12830000,0.1099,12820000,0.35,12780000,0.0074,12760000,0.5032
25279799,12940000,2.5008,12930000,0.9216,12910000,0.5729,12900000,0.0304,12890000,2.2379,12850000,0.9264,12810000,0.0038,12780000,0.5098,12750000,1.952,12740000,5.5709
25279800,12950000,1.5699,12940000,2.5893,12930000,0.9216,12910000,0.2195,12890000,0.511,12810000,0.5066,12780000,3.1681,12750000,1.008,12740000,5.6089,12730000,6.6902
25279801,12940000,2.5893,12930000,0.9216,12910000,0.2195,12900000,0.0741,12890000,0.0626,12880000,0.7583,12860000,0.535,12820000,0.0733,12790000,0.3148,12780000,3.1747
25279802,12980000,0.5158,12950000,1.5699,12940000,2.7645,12930000,1.8071,12910000,0.3011,12900000,0.0001,12890000,0.5778,12880000,0.7583,12790000,0.4124,12780000,0.0074
25279803,13000000,2.8139,12980000,0.5785,12950000,1.9794,12940000,2.3681,12930000,1.0623,12900000,0.0881,12890000,1.8863,12880000,0.7583,12800000,1.6588,12790000,2.474
25279804,13010000,0.0001,13000000,1.8709,12980000,0.5886,12960000,0.0355,12950000,0.9607,12920000,0.5123,12890000,0.2863,12880000,0.0055,12850000,1.0102,12790000,0.0735
25279806,13010000,0.0001,13000000,0.8131,12990000,0.5993,12980000,1.0324,12970000,1.5,12900000,0.516,12870000,0.0621,12820000,0.007,12750000,2.1389,12740000,3.463
25279807,13040000,0.9441,13030000,0.0228,13020000,0.061,13010000,0.0001,13000000,0.672,12890000,2.1564,12880000,2.604,12870000,1.0621,12820000,0.0569,12780000,0.3
25279808,13060000,0.3269,13050000,1.6927,13040000,0.1811,13030000,0.0353,13020000,0.021,13000000,1.1602,12990000,0.1137,12900000,1.9639,12890000,2.5197,12870000,1.0061
25279809,13060000,0.3269,13050000,1.6927,13040000,0.0011,13030000,0.091,13020000,0.187,13000000,1.8948,12990000,0.8113,12930000,0.0062,12910000,0.3314,12900000,0.6435
25279810,13050000,1.6927,13040000,0.0011,13030000,0.091,13020000,0.3065,13000000,0.3868,12990000,0.2745,12970000,0.544,12930000,0.1062,12910000,0.7195,12890000,1.0773
25279811,13040000,0.0023,13030000,0.091,13020000,2.2846,13000000,1.3865,12990000,0.5401,12940000,0.01,12930000,0.1062,12910000,0.7195,12890000,1.0221,12870000,1.0567
25279812,13040000,0.0023,13030000,0.091,13020000,2.0496,13000000,1,12990000,0.8732,12940000,0.7612,12930000,0.1062,12910000,1.5362,12890000,1.2496,12870000,0.0621
25279813,13020000,1.5082,13010000,0.0902,13000000,1.4512,12990000,0.0389,12970000,4.3364,12950000,0.0049,12930000,0.1,12910000,0.8072,12890000,2.4082,12870000,0.0621
25279814,13010000,0.0902,13000000,1.4512,12990000,0.0389,12970000,1.6622,12950000,0.3826,12930000,0.3883,12910000,0.8082,12890000,1.2496,12870000,0.0621,12860000,0.6816
25279815,13000000,1.5414,12990000,0.0389,12970000,1.6622,12950000,0.0489,12940000,0.0136,12930000,0.184,12890000,1.2378,12870000,0.0621,12850000,0.0178,12810000,0.0463
25279816,13020000,1.5082,13000000,3.1415,12990000,0.1291,12950000,2.1962,12940000,0.0887,12890000,2.0908,12870000,0.0621,12850000,0.0178,12810000,0.6843,12800000,0.2655
25279817,13020000,1.5082,13000000,3.512,12990000,0.1291,12950000,0.0012,12940000,0.0136,12910000,0.8083,12900000,1.0416,12890000,1.2474,12880000,0.0076,12870000,0.0621
25279818,13020000,1.6664,13000000,1.4512,12990000,0.0389,12950000,0.0012,12940000,0.1214,12930000,0.0077,12910000,0.835,12900000,0.4996,12890000,1.2397,12880000,0.0076
25279819,13040000,0.0023,13030000,1.0413,13020000,1.5082,13000000,3.4794,12990000,0.1254,12910000,0.6121,12890000,3.3928,12880000,0.0076,12870000,0.0621,12850000,0.008
25279820,13030000,1.1412,13020000,1.5082,13000000,4.9399,12990000,2.3838,12980000,0.1178,12910000,0.5076,12890000,1.2455,12870000,0.0621,12850000,0.008,12810000,0.7279
25279821,13020000,3.3511,13000000,1.4524,12990000,0.2776,12970000,0.0236,12960000,0.1202,12920000,3.0767,12910000,0.5807,12890000,1.028,12870000,0.0621,12850000,0.0516
25279822,13010000,0.0058,13000000,1.8027,12990000,0.2788,12970000,0.0236,12960000,0.3595,12920000,4.196,12910000,0.5807,12890000,1.128,12870000,0.0621,12850000,0.0516
25279823,13010000,1.5009,13000000,1.8027,12990000,0.2788,12970000,0.0236,12960000,1.0716,12930000,0.3588,12920000,0.7692,12910000,2.0076,12890000,1.128,12870000,0.0621
25279824,13000000,1.8027,12990000,0.2712,12970000,0.0236,12960000,0.1024,12950000,0.2828,12930000,0.541,12920000,0.0162,12910000,2.2248,12900000,0.0045,12890000,1.1221
25279825,13020000,1.5092,13010000,0.007,13000000,3.7441,12990000,0.2788,12980000,0.01,12960000,0.0046,12920000,0.0162,12910000,0.5076,12900000,0.0045,12890000,1.3397
25279826,13010000,1.3917,13000000,2.3487,12990000,0.2712,12980000,0.515,12960000,0.003,12950000,10.6702,12930000,30.1845,12920000,0.0162,12910000,0.008,12900000,0.0045
25279827,13010000,0.0012,13000000,1.8975,12990000,0.4265,12980000,0.0012,12960000,1,12950000,9.4718,12930000,30.7105,12920000,0.0162,12910000,0.0545,12900000,0.0045
25279828,13010000,0.0012,13000000,1.8975,12990000,0.5101,12980000,0.0042,12970000,0.4025,12960000,0.2709,12950000,8.8362,12930000,30.1845,12920000,0.0162,12910000,0.0506
25279829,13020000,1.5092,13010000,0.0012,13000000,1.8975,12990000,0.2712,12980000,0.3339,12960000,0.343,12950000,8.8362,12930000,30.1845,12920000,0.0046,12910000,0.0506
25279830,13020000,1.5092,13010000,0.0012,13000000,1.8975,12990000,0.2712,12980000,0.8539,12950000,9.243,12930000,30.4035,12920000,0.0046,12910000,0.0518,12900000,0.0045
25279831,13010000,0.0012,13000000,1.8073,12990000,0.5909,12980000,0.0071,12970000,0.0766,12950000,8.6198,12930000,30.1845,12920000,0.0046,12910000,0.0519,12900000,0.0045
25279832,13010000,0.0012,13000000,1.8083,12990000,0.2012,12980000,0.7983,12970000,0.0742,12950000,8.5911,12930000,30.1845,12920000,0.0046,12910000,0.0519,12900000,0.0045
25279833,13010000,0.0012,13000000,1.8083,12990000,0.2012,12980000,0.0041,12960000,0.9695,12950000,4.0553,12930000,30.1845,12920000,0.0046,12910000,0.008,12900000,0.0245
25279834,13010000,0.9287,13000000,1.8083,12990000,0.2012,12980000,0.0041,12960000,0.9355,12930000,30.3763,12920000,0.0046,12910000,0.008,12900000,0.0245,12890000,0.1
25279835,13000000,1.8083,12990000,0.2012,12980000,0.0041,12960000,0.7858,12940000,0.5197,12930000,29.2548,12920000,0.0046,12910000,0.008,12900000,0.0245,12890000,0.1
25279836,13010000,0.9287,13000000,1.8083,12990000,0.2012,12980000,0.0041,12960000,1.3538,12930000,28.3471,12920000,0.0046,12910000,0.008,12900000,0.0245,12890000,0.1
25279837,13010000,0.9287,13000000,1.8083,12990000,0.5209,12980000,0.0041,12960000,0.8298,12930000,24.2405,12920000,0.0046,12910000,0.008,12900000,0.0245,12890000,0.11
25279838,12990000,0.2012,12980000,0.0041,12970000,0.108,12960000,0.0668,12940000,0.5358,12930000,4.8786,12920000,0.0046,12910000,0.008,12900000,0.0245,12890000,0.1
25279839,12990000,0.2012,12980000,0.0041,12970000,0.1503,12960000,2.5229,12930000,0.1087,12910000,0.008,12900000,0.0245,12890000,0.1,12870000,0.0621,12850000,0.0132
25279840,12980000,0.0041,12970000,0.1515,12960000,0.7529,12950000,0.1986,12930000,0.0832,12910000,0.503,12900000,0.0245,12890000,0.1,12870000,0.0621,12850000,0.0132
25279841,12970000,0.0012,12960000,0.0012,12950000,0.0012,12940000,0.0012,12930000,0.2318,12910000,0.1777,12900000,0.0245,12890000,0.1,12870000,0.5104,12850000,0.0132
25279842,12980000,0.1544,12970000,0.0012,12960000,0.0012,12950000,0.0012,12940000,0.2335,12910000,0.305,12900000,0.0245,12890000,0.1,12870000,0.5104,12850000,0.0132
25279843,12980000,0.0041,12970000,0.0012,12960000,0.0012,12950000,0.0012,12940000,0.0673,12910000,0.4865,12900000,0.0245,12890000,0.1,12870000,0.5104,12850000,0.0132
25279845,12980000,0.0041,12970000,0.0012,12960000,0.5502,12950000,0.0012,12940000,0.0012,12920000,0.1764,12910000,0.1777,12900000,0.0245,12890000,0.1,12870000,0.5104
25279846,12980000,0.0041,12970000,0.0012,12960000,0.0012,12950000,0.0012,12940000,0.0001,12920000,1.725,12910000,0.2277,12900000,0.9573,12890000,0.1,12870000,0.5104
25279847,13000000,1.0068,12990000,0.3515,12980000,1.8116,12970000,0.249,12960000,0.3008,12920000,0.9544,12910000,0.1777,12900000,0.0245,12890000,0.1,12870000,1.566
25279848,13000000,1.0068,12990000,0.3515,12980000,1.0599,12970000,2.7529,12960000,0.9192,12920000,0.3452,12910000,0.1777,12900000,0.0245,12890000,0.1,12870000,2.2407
25279849,13000000,2.0954,12990000,0.3515,12980000,1.0599,12970000,0.7529,12960000,0.8335,12920000,0.0391,12900000,0.0245,12890000,0.1,12870000,0.5104,12850000,0.0132
25279850,13000000,1.0068,12990000,0.2012,12980000,1.2114,12970000,0.7529,12960000,0.916,12920000,1.1013,12900000,0.2037,12890000,0.1,12870000,0.5104,12850000,0.0132
25279851,12980000,1.9631,12970000,0.0012,12960000,0.7182,12950000,0.0012,12940000,0.3014,12930000,0.2115,12920000,0.5191,12900000,0.0245,12890000,0.1,12870000,0.5104
25279852,12980000,1.9631,12970000,0.0012,12960000,0.5255,12950000,0.0012,12940000,0.0014,12920000,1.0303,12900000,0.0245,12890000,0.1,12870000,0.5104,12850000,0.0132
25279853,12980000,1.9631,12970000,0.0012,12960000,0.5255,12950000,0.0012,12940000,0.0014,12920000,1.0303,12900000,0.0245,12890000,0.1,12870000,0.5104,12850000,0.0132
25279854,13030000,0.1921,13020000,1.5092,13010000,0.0012,13000000,2.4068,12990000,0.3515,12980000,1.4136,12960000,0.02,12940000,0.005,12900000,0.2537,12890000,0.1
25279855,13040000,0.0023,13030000,0.1921,13020000,1.5092,13010000,0.0012,13000000,2.1261,12980000,0.1259,12960000,0.14,12940000,0.0566,12910000,0.0516,12900000,1.2869
25279856,13040000,0.0023,13030000,0.1921,13020000,1.5092,13010000,0.1838,13000000,1.118,12990000,2.2014,12980000,0.6732,12960000,0.02,12940000,0.0566,12910000,0.2866
25279857,13040000,0.006,13030000,0.1921,13020000,1.5092,13010000,1.4012,13000000,0.7606,12990000,1.808,12980000,0.6732,12960000,0.1269,12940000,0.005,12910000,0.235
25279858,13040000,0.006,13030000,0.1921,13020000,1.6172,13010000,1.4012,13000000,0.3784,12990000,0.8184,12980000,0.6732,12960000,0.1269,12940000,0.005,12910000,0.235
25279859,13050000,1.7783,13040000,0.006,13030000,0.0922,13020000,1.5092,13010000,1.8232,13000000,0.0079,12980000,0.1086,12960000,0.1269,12940000,0.005,12910000,0.4412
25279860,13030000,0.0922,13020000,1.5654,13010000,0.5502,13000000,1.8511,12990000,0.108,12980000,0.1851,12960000,0.0238,12940000,0.005,12910000,10.8814,12900000,0.02
25279861,13000000,2.7894,12990000,0.0012,12980000,0.3497,12970000,0.108,12960000,0.0806,12940000,0.005,12910000,0.0174,12900000,0.02,12890000,0.1,12870000,0.0621
25279862,13000000,1.8548,12990000,0.0012,12980000,0.934,12970000,0.5984,12960000,0.0768,12940000,0.005,12920000,0.0038,12910000,0.0174,12900000,0.02,12890000,0.1
25279863,12980000,0.3675,12970000,0.0574,12960000,2.7547,12950000,0.3009,12920000,0.0012,12910000,0.1481,12890000,0.6341,12870000,0.0621,12850000,0.3172,12840000,0.0085
25279864,12980000,1.5153,12970000,0.0012,12960000,0.2767,12950000,0.3109,12940000,0.0174,12910000,0.461,12890000,0.9777,12870000,0.0621,12850000,0.0132,12840000,0.0085
25279865,12980000,0.3675,12970000,0.0012,12960000,0.2011,12950000,0.3432,12940000,0.0174,12930000,0.0132,12910000,0.2323,12890000,0.9782,12870000,0.0621,12850000,0.2334
25279866,13000000,0.5573,12990000,0.0012,12980000,0.3675,12970000,0.0012,12960000,0.5091,12930000,0.0411,12910000,0.2323,12900000,5,12890000,0.9782,12870000,0.0621
25279867,13000000,0.5011,12990000,0.0012,12980000,0.3509,12970000,0.0053,12960000,0.5091,12940000,0.9947,12930000,0.0411,12910000,0.2323,12900000,5.2878,12890000,0.1481
25279868,13000000,0.5011,12990000,0.0012,12980000,0.3509,12970000,0.0053,12960000,0.2012,12950000,0.2603,12940000,1.9384,12930000,0.0411,12910000,0.2323,12900000,5
25279869,13020000,1.5092,13010000,0.0012,13000000,0.5011,12990000,0.0012,12980000,0.4908,12960000,0.6294,12940000,1.2497,12930000,0.0411,12910000,0.2323,12900000,5
25279870,13020000,1.5092,13010000,0.0012,13000000,0.5011,12990000,0.0012,12980000,0.4908,12960000,0.7297,12940000,0.2812,12930000,0.3278,12910000,0.2323,12900000,5
25279871,13020000,1.5092,13010000,0.0012,13000000,0.5011,12990000,0.0012,12980000,0.4779,12960000,0.5616,12950000,0.3084,12940000,0.2812,12930000,0.3278,12910000,0.2323
25279872,13020000,1.5092,13010000,0.0012,13000000,0.7111,12990000,0.0012,12980000,0.4779,12960000,0.4804,12950000,0.3084,12940000,0.7822,12930000,0.2999,12910000,0.2323
25279873,13050000,1.8345,13040000,0.0135,13030000,0.0922,13020000,1.3907,13010000,1.4722,12950000,0.3084,12930000,0.9747,12910000,0.2323,12900000,5.006,12890000,0.1481
25279874,13060000,1.2711,13050000,1.8345,13040000,0.0135,13030000,0.0797,13020000,0.5089,12980000,0.3133,12970000,3.8443,12950000,0.3084,12930000,0.2999,12910000,0.2323
25279875,13090000,0.0236,13080000,1.5014,13060000,1.2711,13050000,1.6215,13040000,0.0033,13010000,0.2373,12990000,0.611,12960000,0.0061,12950000,0.3084,12930000,0.0132
25279876,13100000,10.2588,13090000,0.0236,13080000,1.5014,13060000,0.3281,13050000,0.8529,13010000,0.3189,12990000,1.593,12960000,0.0061,12950000,0.3084,12930000,0.0132
25279877,13090000,0.0214,13080000,1.5014,13070000,0.0112,13060000,0.3603,13050000,2.108,12990000,1.5914,12970000,3.1851,12960000,0.3205,12950000,0.3084,12930000,0.0132
25279878,13090000,0.0214,13080000,1.5071,13070000,0.0112,13060000,0.3303,13050000,3.0014,13040000,0.4197,13000000,0.01,12960000,1.2801,12950000,0.3918,12940000,0.6774
25279879,13140000,0.0023,13130000,0.9762,13120000,0.0023,13110000,0.0001,13100000,8.9086,13090000,0.369,13080000,0.3,13070000,0.0731,13060000,0.0821,13050000,0.2657
25279880,13140000,0.1023,13130000,0.9762,13120000,0.0023,13110000,0.0001,13100000,9.5594,13090000,0.0283,13080000,0.01,13070000,0.0731,13060000,0.0821,13050000,0.2657
25279881,13130000,0.9762,13120000,0.0023,13110000,0.0001,13100000,10.037,13090000,0.0218,13070000,0.0631,13050000,0.2657,13010000,0.0057,13000000,1.0247,12970000,0.8032
25279882,13130000,0.9762,13120000,0.0023,13110000,0.0001,13100000,10.5489,13090000,1.5184,13050000,0.2857,13010000,0.0057,13000000,1.428,12970000,0.7532,12950000,0.3164
25279883,13130000,0.9762,13120000,0.0023,13110000,0.5001,13100000,10.1516,13080000,2.9893,13060000,0.02,13050000,0.5154,13010000,0.0057,13000000,0.7702,12970000,1.3528
25279884,13130000,0.9762,13120000,0.0023,13110000,0.5001,13100000,10.1512,13080000,3.884,13060000,0.4539,13050000,0.2857,13030000,0.0045,13000000,0.1,12980000,0.2039
25279886,13120000,0.0023,13110000,0.5001,13100000,10.1521,13080000,4.2052,13070000,0.2176,13060000,0.023,13050000,0.2697,13030000,0.0045,13000000,0.1,12980000,0.358
25279887,13120000,0.0023,13110000,0.5001,13100000,10.9916,13080000,2.5205,13070000,0.7806,13060000,0.0418,13050000,0.2697,13030000,0.0045,13000000,0.1,12950000,0.6741
25279888,13120000,0.0023,13110000,0.5001,13100000,11.0146,13080000,0.8224,13070000,3.7192,13050000,0.2797,13030000,0.0045,13000000,0.1,12950000,0.7768,12940000,0.6774
25279889,13140000,0.1027,13130000,0.9814,13120000,0.0023,13110000,0.5001,13100000,6.9797,13040000,0.501,13030000,2.5578,13000000,0.1,12950000,0.3784,12940000,0.6774
25279890,13140000,0.1027,13130000,0.9814,13120000,0.0023,13110000,0.5001,13100000,2.2741,13090000,5.0761,13030000,0.3628,13000000,0.1,12950000,0.4404,12940000,0.6774
25279891,13200000,3.6368,13190000,0.0001,13180000,0.0022,13170000,0.2101,13160000,0.001,13150000,0.963,13140000,3.0115,13130000,0.1,13100000,1.7662,13090000,0.2256
25279892,13220000,0.1415,13210000,1.3625,13200000,2.8513,13190000,0.0001,13180000,0.0023,13170000,0.2793,13150000,0.8211,13140000,0.2529,13130000,0.1,13100000,0.2794
25279893,13240000,0.0011,13220000,0.1415,13210000,1.3625,13200000,2.6938,13190000,0.054,13170000,0.0307,13160000,0.2406,13150000,0.8111,13130000,0.4544,13100000,0.2794
25279894,13280000,0.0023,13270000,0.3421,13260000,0.0011,13250000,0.5747,13240000,0.0011,13220000,0.0783,13210000,1.0832,13200000,0.5379,13180000,0.0767,13150000,0.4814
25279895,13340000,0.0111,13330000,0.1003,13320000,0.5523,13310000,0.5039,13300000,2.0899,13290000,2.2703,13270000,0.0965,13260000,1.8701,13220000,0.3876,13210000,0.0298
25279896,13340000,0.0111,13330000,5.1001,13320000,1.2525,13310000,5.5039,13300000,4.6934,13270000,0.15,13260000,0.4993,13210000,0.3719,13200000,0.1,13180000,0.0263
25279897,13330000,5.1266,13320000,1.3523,13310000,5.5039,13300000,8.0939,13290000,2.2672,13260000,0.0664,13210000,0.3662,13200000,0.1,13180000,0.2274,13150000,0.4021
25279898,13310000,5.5039,13300000,7.8636,13290000,0.6257,13220000,0.001,13210000,3.9,13200000,1.06,13180000,2.0362,13150000,0.3894,13100000,1.2234,13090000,0.2256
25279899,13280000,3.6699,13250000,0.7374,13210000,0.1855,13200000,0.2548,13190000,0.3476,13180000,0.0362,13150000,0.3894,13100000,1.3404,13090000,0.2256,13080000,0.0611
25279900,13280000,3.7019,13250000,0.7374,13210000,0.2687,13200000,0.7689,13190000,0.0566,13180000,0.1381,13150000,0.3894,13100000,0.9869,13090000,0.2256,13080000,0.5184
25279901,13250000,1.1679,13210000,0.0842,13200000,5.6652,13190000,0.0591,13180000,1.7385,13110000,1.0067,13100000,0.5386,13090000,0.2256,13080000,0.5184,13060000,0.06
25279902,13200000,5.5948,13190000,0.4509,13180000,0.4637,13160000,0.3134,13120000,1.8429,13100000,0.2796,13090000,0.2256,13080000,0.7773,13060000,0.06,13050000,0.2342
25279903,13150000,0.0842,13120000,1.6699,13100000,0.0012,13090000,0.4,13080000,0.0453,13060000,0.3934,13050000,0.2451,13020000,0.0001,13010000,0.7532,13000000,1.2034
25279904,13120000,2.1442,13100000,0.0012,13080000,0.6996,13060000,0.1306,13050000,0.9962,13030000,0.01,13020000,0.0101,13010000,0.8385,13000000,11.4865,12990000,0.0119
25279905,13120000,2.1442,13100000,3.0012,13080000,0.5613,13060000,0.1306,13050000,0.153,13040000,0.8788,13030000,0.7543,13020000,0.0101,13010000,0.9412,13000000,10.9378
25279906,13190000,0.0318,13180000,0.1173,13150000,0.112,13120000,2.1442,13100000,2.727,13070000,1.3462,13040000,1.6532,13030000,0.0011,13020000,0.0001,13010000,5.3806
25279907,13150000,0.112,13120000,2.1442,13100000,2.1398,13090000,1.9,13070000,0.0306,13040000,0.6659,13030000,0.7543,13020000,0.1594,13010000,0.3806,13000000,10.7175
25279908,13180000,0.1173,13150000,1.0675,13120000,2.2008,13100000,4.4492,13090000,2.377,13000000,7.9754,12990000,0.0001,12980000,0.0616,12970000,0.0001,12960000,0.0412
25279909,13100000,2.4422,13080000,0.1188,13070000,0.5,13030000,0.1417,13020000,0.225,13000000,6.3068,12990000,0.0001,12980000,0.0616,12970000,0.0001,12960000,0.0412
25279910,13100000,2.4322,13070000,0.7901,13010000,1.2829,13000000,0.3993,12990000,0.9481,12980000,0.0616,12970000,0.5241,12960000,0.0001,12950000,0.3204,12940000,0.0001
25279911,13120000,1.5633,13100000,3.1913,13030000,0.142,13010000,0.5223,13000000,0.0012,12990000,1.0125,12980000,0.5281,12960000,0.0001,12950000,0.3606,12940000,0.0001
25279912,13100000,2.3459,13090000,1.0274,13070000,0.2227,13040000,0.0428,13020000,0.0527,13000000,1,12990000,1.4894,12980000,1.5,12960000,0.0001,12950000,0.3606
25279913,13090000,0.5693,13070000,0.03,13060000,0.2187,13050000,0.0012,13040000,0.0217,13010000,0.0916,13000000,1,12990000,0.9624,12960000,0.0001,12950000,0.3606
25279914,13060000,0.3187,13050000,0.0012,13040000,0.0217,13030000,0.066,13000000,0.0275,12970000,0.5239,12960000,0.2126,12950000,0.3677,12940000,0.0001,12930000,0.0132
25279915,13100000,3.0531,13090000,0.9622,13060000,0.3187,13050000,0.2826,13040000,0.0217,13000000,0.4274,12990000,0.038,12970000,0.7585,12960000,0.0001,12950000,0.3677
25279916,13060000,0.3187,13050000,0.0012,13040000,0.0217,13030000,0.01,13020000,0.0321,12990000,0.038,12970000,0.9674,12960000,0.0001,12950000,0.3677,12940000,0.0001
25279917,13120000,2.5063,13100000,2.2013,13090000,0.7496,13080000,0.4034,13060000,0.3187,13050000,0.0988,13040000,0.5057,13030000,2.8527,13000000,0.501,12990000,0.3403
25279918,13190000,0.0318,13180000,0.9442,13170000,0.0085,13150000,0.1622,13120000,1.2979,13100000,0.3968,13030000,0.544,13000000,0.0076,12990000,0.3465,12970000,0.2135
25279919,13180000,1.2882,13170000,0.3367,13150000,0.1217,13120000,0.3595,13100000,0.0223,13070000,0.2291,13060000,0.2325,13030000,0.8872,13010000,0.2435,13000000,0.0138
25279920,13180000,0.9442,13170000,0.9395,13150000,0.112,13120000,4.1294,13110000,0.4105,13100000,0.0707,13060000,0.0508,13050000,0.533,13010000,0.2422,13000000,0.6616
25279921,13170000,0.931,13160000,0.1427,13150000,0.1132,13120000,0.9716,13110000,0.4656,13070000,0.463,13060000,1.0232,13030000,0.114,13000000,0.85,12990000,0.6143
25279922,13180000,0.0012,13170000,0.136,13160000,0.0067,13150000,0.1132,13120000,0.5885,13110000,1.412,13100000,1.1593,13060000,1.0232,13020000,0.5641,13000000,0.774
25279923,13180000,0.0377,13160000,0.0067,13150000,0.1132,13120000,1.5371,13110000,0.0868,13100000,0.1101,13070000,0.2224,13060000,0.0508,13020000,0.4635,13010000,0.054
25279925,13180000,0.0377,13150000,0.1132,13140000,0.0052,13120000,0.4789,13110000,1.2299,13100000,0.0001,13070000,0.4519,13060000,0.0508,13020000,0.006,13010000,0.0094
25279926,13140000,0.0417,13120000,0.5426,13110000,0.7117,13100000,0.1945,13070000,0.7294,13040000,0.0767,13030000,0.0145,13010000,0.0094,13000000,0.8482,12990000,0.3403
25279927,13120000,0.3612,13110000,0.302,13100000,0.0074,13070000,0.7849,13030000,0.9564,13000000,2.1448,12990000,0.3403,12980000,0.0616,12970000,0.0446,12960000,0.0001
25279928,13150000,1.1351,13120000,0.3612,13110000,0.5854,13100000,0.7606,13030000,0.0998,13020000,0.1676,13000000,3.0079,12990000,0.3403,12980000,0.1016,12970000,0.001
25279929,13170000,0.3282,13150000,0.1921,13120000,0.3612,13110000,0.0528,13100000,0.2047,13070000,1.2757,13060000,1,13050000,1,13040000,1,13020000,0.1676
25279930,13170000,0.3282,13150000,0.1132,13120000,0.3612,13110000,0.0528,13100000,0.3047,13080000,0.9723,13070000,0.9301,13060000,1.0631,13050000,1,13040000,1
25279931,13180000,0.0012,13170000,0.4562,13150000,0.7534,13120000,0.3612,13110000,0.0528,13100000,0.0001,13070000,0.1513,13040000,0.545,13030000,0.02,13020000,0.1676
25279932,13180000,0.0012,13170000,0.4562,13150000,1.9431,13140000,0.0781,13120000,0.7632,13090000,0.1464,13070000,0.514,13030000,0.02,13020000,0.1676,13000000,1.402
25279933,13190000,0.0318,13180000,0.0072,13170000,0.3282,13150000,0.1132,13140000,0.0169,13110000,0.082,13100000,0.9711,13090000,0.1464,13080000,0.502,13040000,1.0764
25279934,13260000,0.0999,13250000,2.204,13220000,0.4838,13210000,0.9881,13200000,0.2041,13130000,0.2347,13110000,0.683,13020000,0.1676,13000000,0.7439,12990000,1.4576
25279935,13260000,0.0999,13250000,1.182,13220000,0.4838,13210000,2.914,13200000,0.01,13150000,0.5853,13140000,1,13130000,0.0066,13110000,0.3307,13050000,0.012
25279936,13260000,0.0999,13250000,0.239,13220000,0.4738,13210000,3.714,13200000,0.9847,13170000,1.2237,13140000,1,13130000,0.5551,13110000,2.5561,13050000,0.4479
25279937,13270000,0.026,13260000,0.0999,13250000,0.1093,13220000,0.4738,13210000,1.9988,13180000,2.0077,13170000,0.02,13160000,0.2315,13130000,0.5265,13050000,0.4944
25279938,13260000,0.1999,13250000,0.1352,13220000,0.4738,13210000,2.2896,13200000,0.0012,13190000,1.947,13180000,1.2076,13160000,0.2315,13140000,0.0052,13130000,0.5199
25279939,13280000,0.0001,13270000,0.0063,13260000,0.1999,13250000,0.1093,13220000,1.6379,13190000,3.0732,13180000,0.5,13170000,0.0981,13160000,0.2315,13140000,0.9882
25279940,13290000,0.1618,13280000,0.0001,13270000,0.0063,13260000,1.6999,13250000,1.3386,13220000,0.01,13210000,1.407,13190000,0.2262,13170000,0.0981,13160000,0.436
25279941,13290000,0.1359,13280000,0.026,13270000,0.0001,13260000,0.1999,13250000,0.8334,13220000,1.1944,13210000,3.3745,13170000,0.3369,13160000,0.004,13150000,0.0867
25279942,13290000,0.0062,13280000,0.0001,13270000,0.0001,13260000,0.1999,13250000,0.1026,13240000,0.0068,13230000,0.0373,13220000,0.4992,13170000,0.0981,13160000,0.1465
25279943,13340000,0.0111,13330000,0.5079,13320000,0.2023,13310000,0.0239,13300000,2.0483,13290000,0.1309,13270000,1.9999,13250000,0.2941,13230000,0.0373,13190000,0.005
25279944,13380000,0.0023,13370000,0.0224,13360000,0.2601,13350000,5.0501,13340000,0.3912,13320000,0.2959,13300000,0.2101,13290000,0.511,13280000,0.2553,13250000,0.2941
25279945,13400000,16.2863,13390000,0.0669,13380000,0.0023,13360000,0.3949,13350000,4.833,13340000,0.2943,13330000,1.0741,13320000,0.1989,13300000,0.2101,13260000,0.0704
25279946,13390000,0.0669,13380000,0.0023,13360000,0.3949,13350000,4.0798,13340000,3.0838,13300000,0.0098,13270000,0.518,13250000,0.498,13240000,0.3567,13190000,0.1119
25279947,13380000,0.0023,13360000,0.2601,13350000,4.3146,13310000,2.4687,13300000,0.7456,13240000,0.9127,13230000,0.1,13190000,0.3306,13160000,0.0494,13150000,0.012
25279948,13360000,0.2601,13350000,5.3146,13330000,0.3282,13310000,0.327,13300000,0.4241,13240000,2.4176,13230000,0.7302,13190000,0.0606,13150000,0.1235,13140000,0.1
25279949,13360000,0.2601,13350000,5.3146,13340000,3.3675,13330000,0.484,13320000,0.04,13310000,1.4506,13300000,0.1687,13290000,0.2985,13240000,0.2501,13230000,0.4861
25279950,13340000,1.1794,13330000,0.3282,13320000,0.404,13300000,0.2311,13290000,0.6558,13250000,1.1926,13230000,0.7142,13220000,0.272,13190000,0.3492,13150000,0.012
25279951,13350000,1.7782,13340000,1.1794,13320000,0.0236,13300000,0.2691,13290000,2.1285,13230000,1.3475,13220000,0.536,13190000,0.0606,13180000,0.008,13170000,0.054
25279952,13340000,1.067,13320000,0.2698,13300000,0.5228,13290000,1.2783,13260000,1.134,13240000,1,13230000,0.0358,13220000,0.8788,13210000,0.272,13200000,0.2031
25279953,13350000,1.7782,13340000,1.1247,13320000,0.2698,13300000,0.4528,13290000,0.1385,13280000,0.952,13270000,1.5422,13260000,2,13240000,0.384,13230000,0.0358
25279954,13360000,0.2601,13350000,1.8508,13340000,1.0747,13320000,0.2698,13300000,0.7528,13290000,0.0652,13280000,0.3512,13270000,2.8563,13260000,1,13230000,0.0358
25279955,13360000,0.2601,13350000,1.8508,13340000,1.0747,13320000,1.6549,13300000,0.7304,13270000,2.0593,13260000,1,13250000,0.535,13230000,0.2466,13190000,0.0606
25279956,13360000,0.2601,13350000,1.9545,13340000,1.117,13320000,0.0071,13300000,2.0492,13270000,2.434,13260000,1,13230000,0.5358,13190000,0.0606,13180000,0.0481
25279957,13390000,0.2615,13380000,0.3079,13360000,1.2599,13350000,0.9545,13340000,1.3774,13300000,0.9541,13290000,0.0486,13280000,0.2402,13270000,1.9613,13230000,0.0188
25279958,13400000,16.0032,13390000,0.2553,13380000,0.3246,13360000,0.3101,13350000,0.8507,13340000,0.2379,13320000,0.052,13310000,0.05,13300000,0.3759,13290000,1.0567
25279959,13410000,0.0001,13400000,16.0032,13390000,0.0769,13380000,0.4708,13370000,0.1695,13350000,0.2489,13340000,0.7358,13330000,0.3963,13320000,0.338,13300000,0.3759
25279960,13390000,0.1734,13380000,0.2022,13370000,0.1339,13360000,0.0002,13350000,0.4744,13340000,1.1487,13300000,1.8393,13290000,0.3148,13280000,0.2482,13270000,1.6575
25279961,13400000,16.286,13390000,0.1734,13380000,0.2022,13370000,0.1179,13360000,0.0002,13340000,1.1559,13310000,0.5753,13300000,1.1163,13290000,0.2628,13280000,0.1882
25279962,13410000,0.0381,13400000,16.7525,13390000,0.1269,13380000,0.2042,13370000,0.04,13360000,0.0042,13350000,0.2845,13340000,0.3919,13300000,1.1332,13290000,0.2628
25279963,13410000,0.0298,13400000,16.7025,13390000,0.0835,13380000,1.1887,13370000,0.2436,13350000,3.0237,13340000,0.529,13310000,1.2592,13300000,1.1234,13290000,0.7497
25279965,13420000,0.9301,13410000,0.0298,13400000,16.8503,13390000,0.0835,13380000,0.2042,13370000,0.0006,13350000,0.1866,13320000,0.268,13300000,1.2648,13290000,0.7497
25279966,13420000,0.9301,13410000,0.0763,13400000,17.5981,13390000,0.0835,13380000,0.0044,13350000,0.9802,13340000,2.2498,13330000,0.27,13320000,0.4858,13310000,0.8132
25279967,13480000,0.275,13460000,0.0011,13450000,0.6076,13440000,0.0111,13430000,0.4525,13420000,0.2735,13400000,0.3731,13390000,0.6019,13360000,0.9238,13350000,0.9193
25279968,13540000,0.0011,13530000,0.0605,13520000,0.4524,13510000,0.081,13500000,0.1266,13430000,3.5584,13420000,0.7559,13400000,2.6106,13390000,0.6019,13380000,0.06
25279969,13530000,0.0605,13520000,0.1524,13510000,0.081,13500000,6.6774,13480000,1.5899,13450000,1.462,13440000,1.8,13430000,3.9925,13420000,0.2735,13410000,0.112
25279970,13540000,0.0011,13530000,0.0605,13520000,0.1524,13510000,0.081,13500000,2.2574,13460000,1.1576,13450000,1.4828,13440000,0.4465,13430000,2.1458,13420000,0.2735
25279971,13500000,6.23,13480000,1,13470000,0.1613,13450000,0.525,13440000,2.7852,13420000,0.1602,13400000,3.2852,13390000,0.6019,13380000,0.0066,13370000,0.1
25279972,13480000,1.2656,13470000,0.2113,13460000,0.7532,13450000,0.21,13440000,0.8962,13420000,0.3881,13400000,2.2972,13390000,0.6019,13380000,0.5026,13370000,0.252
25279973,13500000,6.5975,13480000,1,13470000,0.1613,13450000,0.4856,13440000,0.0012,13420000,3.7077,13400000,2.2972,13390000,0.6019,13380000,0.0066,13360000,1.3581
25279974,13520000,0.1591,13510000,0.3574,13500000,8.8656,13490000,0.1397,13480000,3.4011,13420000,1.7051,13410000,0.008,13400000,2.5145,13390000,0.6019,13380000,0.0066
25279975,13500000,9.163,13490000,0.1397,13480000,1.8859,13450000,1.1105,13420000,0.2282,13400000,4.8781,13390000,0.6089,13380000,0.6949,13360000,0.3061,13350000,0.0302
25279976,13500000,10.1777,13490000,0.1397,13480000,0.941,13430000,1.2728,13420000,0.2234,13410000,0.0081,13400000,3.1861,13390000,0.805,13370000,0.992,13360000,0.3661
25279977,13420000,0.6946,13400000,1.5688,13390000,0.8529,13380000,0.3634,13360000,1.2744,13350000,0.0582,13340000,0.0601,13330000,0.0057,13310000,0.052,13300000,1.3644
25279978,13420000,0.075,13400000,1,13390000,0.1726,13360000,0.3975,13350000,3.1096,13330000,0.0045,13320000,0.008,13310000,0.2274,13300000,2.1707,13290000,0.1088
25279979,13400000,1,13390000,0.0918,13360000,0.3055,13350000,2.0568,13340000,0.6565,13310000,0.3434,13300000,2.4014,13290000,0.6668,13270000,0.1,13250000,0.012
25279980,13450000,0.012,13420000,0.075,13400000,2.8809,13360000,0.789,13350000,0.717,13330000,0.008,13320000,0.34,13300000,2.1907,13290000,0.1088,13270000,0.1
25279981,13390000,1.4615,13360000,0.0325,13350000,0.765,13340000,0.2774,13330000,3.21,13300000,2.2824,13290000,0.1088,13250000,0.012,13240000,0.2615,13230000,0.0102
25279982,13330000,3.2691,13300000,2.1537,13290000,0.3126,13280000,0.34,13260000,1.344,13250000,0.012,13240000,0.223,13230000,0.4815,13210000,0.1773,13200000,0.0001
25279983,13300000,2.986,13290000,0.0352,13280000,0.4439,13270000,0.0001,13260000,2.9813,13240000,2.8895,13230000,1.1725,13210000,0.0001,13200000,0.2064,13190000,0.1606
25279984,13350000,1.4211,13300000,3.691,13290000,0.0038,13280000,0.4378,13260000,3.9594,13150000,0.7004,13130000,0.0001,13120000,0.0693,13110000,1.0933,13100000,1.6792
25279985,13320000,0.0012,13300000,1.986,13290000,0.2858,13260000,3.0085,13240000,0.5647,13170000,2.3727,13150000,0.841,13140000,0.0088,13130000,0.0001,13120000,0.0001
25279986,13340000,0.106,13320000,0.0012,13300000,0.3063,13290000,0.4362,13260000,3.2449,13180000,3.7274,13170000,1.5935,13160000,0.0314,13150000,0.1424,13140000,0.0088
25279987,13350000,0.6119,13330000,1.3215,13320000,0.0821,13310000,0.1581,13300000,0.3635,13280000,0.0523,13260000,0.879,13190000,0.0391,13180000,1.493,13170000,0.2884
25279988,13320000,0.0012,13310000,0.1581,13300000,0.3635,13280000,1.2999,13260000,0.6955,13200000,0.3268,13190000,0.0391,13180000,0.7898,13170000,0.2965,13160000,0.0314
25279989,13320000,0.0012,13310000,0.1581,13300000,0.6486,13280000,1.2999,13260000,0.6855,13220000,2.0312,13210000,1,13200000,1.1,13180000,0.8291,13170000,0.1952
25279990,13320000,0.0012,13310000,0.1581,13300000,2.2634,13280000,1.7571,13260000,8.4305,13250000,0.2054,13230000,1,13220000,1.1602,13200000,0.1,13180000,0.8291
25279991,13320000,0.0182,13310000,0.1581,13300000,2.8645,13280000,1.7571,13260000,8.4226,13250000,0.2203,13230000,1,13200000,0.2038,13190000,0.0063,13180000,0.7898
25279992,13350000,1.4226,13330000,0.837,13320000,0.1085,13310000,0.1581,13300000,0.806,13280000,0.2123,13270000,0.02,13260000,0.1004,13250000,0.0801,13200000,1.1879
25279993,13350000,1.4226,13330000,0.837,13320000,0.0182,13310000,1.4788,13300000,3.4815,13290000,0.2,13270000,0.02,13260000,0.1004,13250000,0.0046,13200000,0.7532
25279994,13330000,0.8305,13320000,0.0182,13310000,2.2536,13300000,2.9155,13280000,0.0012,13250000,0.2308,13200000,0.7581,13180000,0.6798,13170000,0.1871,13160000,1.1441
25279995,13320000,0.0182,13310000,2.1633,13300000,2.1489,13290000,0.1423,13280000,0.0012,13270000,1.2024,13250000,2.9596,13200000,0.0149,13180000,0.6798,13170000,0.1871
25279996,13360000,1.0097,13350000,6.4418,13330000,0.8305,13320000,0.0182,13310000,1.2617,13280000,1.2664,13270000,0.2086,13250000,0.5781,13200000,0.0049,13180000,0.6798
25279997,13380000,0.0012,13370000,0.005,13360000,1.0097,13350000,5.5747,13330000,7.0605,13280000,1.7507,13270000,0.1512,13250000,0.0046,13240000,0.006,13190000,0.3071
25279998,13370000,0.005,13360000,0.9772,13350000,6.0394,13330000,7.3162,13320000,0.6346,13300000,0.0515,13290000,0.5234,13280000,1.9567,13250000,0.0046,13240000,0.006
25279999,13370000,0.005,13360000,0.9772,13350000,5.4964,13330000,5.3162,13320000,0.1594,13290000,0.4891,13280000,1.8489,13250000,0.0046,13240000,0.006,13190000,0.0606
25280000,13390000,0.3258,13380000,0.0064,13370000,0.005,13360000,0.9772,13350000,4.6105,13340000,0.6663,13320000,1.6686,13310000,0.9952,13280000,2.1128,13260000,0.0047
25280001,13390000,0.3258,13380000,0.0064,13360000,0.9772,13350000,4.1914,13340000,0.8067,13310000,0.5101,13300000,1.05,13280000,2.0118,13260000,0.0047,13250000,0.2091
25280002,13380000,0.0064,13360000,0.9772,13350000,4.1914,13340000,1.4751,13320000,0.0545,13280000,0.2818,13260000,0.0047,13250000,0.2091,13190000,1.0576,13180000,0.05
25280003,13360000,0.9772,13350000,4.1914,13340000,0.758,13320000,0.0444,13310000,0.0014,13280000,0.0272,13260000,0.0047,13250000,0.1166,13200000,0.7427,13190000,0.1136
25280005,13350000,4.775,13340000,0.7984,13330000,0.0043,13320000,0.0103,13310000,0.043,13260000,0.3009,13250000,0.8698,13190000,0.3919,13180000,0.1844,13160000,1.1112
25280006,13330000,0.0465,13320000,0.0103,13310000,0.0259,13300000,1.2059,13290000,0.036,13260000,0.0025,13250000,0.1166,13220000,0.0037,13190000,0.6915,13180000,0.0672
25280007,13320000,0.0103,13310000,0.0259,13300000,0.202,13290000,0.01,13260000,0.0175,13250000,0.8497,13230000,1.4,13220000,1.3037,13190000,0.5867,13180000,0.0172
25280008,13330000,1.1578,13320000,0.0507,13310000,0.0259,13290000,0.7632,13280000,1.9015,13250000,0.05,13220000,0.0037,13190000,0.0606,13180000,0.0172,13160000,1.2779
25280009,13330000,0.0061,13320000,1.162,13310000,0.0259,13280000,2.951,13270000,1.0355,13250000,0.1469,13230000,0.25,13220000,0.006,13190000,0.0606,13180000,0.0172
25280010,13330000,0.1181,13320000,0.0103,13310000,0.0259,13280000,0.3871,13270000,0.2723,13250000,0.0001,13230000,1.4744,13220000,0.006,13190000,0.0606,13180000,0.0172
25280011,13320000,1.1727,13310000,0.0259,13280000,0.3871,13270000,0.2573,13260000,0.2473,13250000,0.1885,13240000,1.1431,13220000,0.006,13190000,0.0606,13180000,0.0372
25280012,13310000,0.1064,13280000,0.3871,13270000,0.2573,13260000,0.2323,13250000,0.1753,13220000,0.1199,13190000,0.6989,13180000,0.0409,13160000,1,13150000,2.9721
25280013,13310000,0.3488,13300000,0.0067,13290000,0.3738,13260000,0.2323,13250000,0.2871,13190000,1.2703,13180000,0.0409,13170000,1.4,13150000,2.914,13130000,0.7631
25280014,13310000,0.5598,13300000,0.0067,13290000,0.3287,13260000,0.2323,13250000,2.1673,13190000,0.4976,13180000,0.0409,13150000,3.114,13130000,0.7631,13120000,0.0561
25280015,13300000,0.0471,13290000,0.202,13260000,0.2323,13250000,0.149,13230000,0.579,13190000,0.1053,13180000,0.0409,13150000,3.281,13130000,0.8049,13120000,0.0561
25280016,13280000,0.2725,13260000,0.2323,13250000,0.1481,13200000,0.2496,13190000,0.1765,13180000,0.577,13150000,3.272,13140000,0.0044,13130000,0.8031,13120000,0.0561
25280017,13280000,0.2663,13260000,0.2323,13250000,0.1481,13200000,0.1423,13190000,0.397,13180000,0.1942,13160000,0.34,13150000,3.2299,13140000,0.0044,13130000,0.8031
25280018,13310000,0.0259,13300000,0.0404,13280000,0.1824,13260000,0.2323,13250000,0.3751,13200000,3.1592,13180000,1.5942,13160000,0.1995,13150000,2.83,13140000,0.0044
25280019,13320000,2.4104,13310000,0.1188,13280000,0.0084,13260000,0.2323,13250000,0.2998,13230000,0.3681,13200000,1.6741,13180000,1.7442,13150000,2.6699,13140000,0.0044
25280020,13310000,0.6257,13300000,0.065,13290000,0.2,13260000,0.2389,13250000,0.6469,13230000,0.0678,13200000,0.349,13180000,0.7628,13150000,2.6699,13140000,0.0044
25280021,13300000,0.065,13290000,0.402,13260000,0.0067,13250000,0.5442,13240000,0.8208,13230000,0.215,13200000,0.15,13180000,0.662,13150000,2.63,13140000,0.0044
25280022,13270000,0.285,13260000,0.2087,13250000,0.5114,13240000,1.7392,13230000,1.5758,13200000,0.098,13180000,0.5686,13150000,2.8438,13140000,0.0044,13130000,0.7631
25280023,13270000,0.285,13260000,0.0001,13250000,0.5166,13230000,1.533,13200000,0.2426,13180000,0.5767,13160000,0.1,13150000,2.7836,13140000,0.0044,13130000,0.7631
25280024,13270000,0.487,13260000,0.0001,13250000,0.5166,13230000,3.6582,13220000,0.6141,13160000,0.6747,13150000,2.7829,13140000,0.0044,13130000,0.7631,13120000,0.0561
25280025,13250000,0.5114,13230000,0.4103,13210000,1,13200000,1.1722,13160000,0.0009,13140000,0.0044,13130000,1.2631,13120000,0.0561,13100000,1.8218,13090000,0.05
25280026,13260000,0.0688,13250000,0.7017,13230000,0.05,13210000,1.0063,13200000,1.742,13130000,1.5821,13120000,0.0561,13100000,1.7829,13090000,0.0872,13080000,0.0612
25280027,13250000,2.0787,13230000,0.2307,13210000,0.0063,13200000,0.3826,13170000,0.03,13150000,0.3212,13140000,0.0166,13130000,0.9681,13120000,0.0561,13100000,1.7829
25280028,13260000,0.0001,13250000,2.0407,13230000,0.9278,13220000,0.504,13210000,0.0063,13190000,0.7809,13180000,0.1,13170000,0.0611,13140000,0.1864,13130000,0.2423
25280029,13270000,0.4837,13260000,0.0001,13250000,2.1341,13230000,2.0154,13200000,0.9827,13190000,0.0403,13180000,0.0532,13170000,0.0048,13150000,0.0055,13130000,0.2423
25280030,13270000,0.3905,13260000,0.0935,13250000,2.8102,13230000,2.6278,13220000,0.2679,13170000,3.8743,13150000,0.0055,13130000,0.4312,13120000,0.0573,13100000,1.7792
25280031,13290000,0.5877,13270000,0.3905,13260000,0.0001,13250000,2.0507,13230000,0.4428,13190000,0.626,13180000,0.2375,13170000,3.3813,13150000,0.0055,13130000,0.2423
25280032,13270000,0.3839,13260000,0.0001,13250000,2.2507,13230000,0.15,13220000,0.0817,13210000,0.02,13190000,1.3882,13180000,0.2135,13170000,1.335,13160000,0.0043
25280033,13300000,0.4634,13290000,0.5193,13270000,0.285,13260000,0.0044,13250000,2.1187,13220000,0.2845,13210000,0.1555,13170000,3.1492,13160000,0.1592,13130000,0.2832
25280034,13300000,0.4634,13290000,0.5193,13270000,0.285,13260000,0.4813,13250000,2.0658,13220000,0.9193,13210000,0.19,13170000,2.8221,13160000,0.1592,13130000,0.5332
25280035,13270000,0.285,13260000,0.0044,13250000,2.8094,13240000,0.4769,13230000,0.1163,13170000,2.2125,13160000,0.4566,13130000,0.4326,13120000,0.045,13110000,0.25
25280036,13300000,0.365,13290000,0.0269,13270000,0.4337,13260000,0.0044,13250000,1.4714,13230000,0.0117,13170000,1.3025,13160000,0.0802,13130000,0.2832,13120000,0.045
25280037,13290000,0.0269,13270000,0.4337,13260000,0.0044,13250000,1.5214,13240000,3.4903,13190000,4.3928,13170000,2.6961,13160000,0.4215,13150000,0.012,13130000,0.2832
25280038,13290000,0.0764,13270000,0.5328,13260000,0.0044,13250000,1.4714,13240000,0.8686,13210000,0.2469,13200000,1.9104,13180000,1.7,13170000,3.2474,13160000,0.2636
25280039,13310000,0.0931,13300000,0.365,13290000,0.5759,13270000,0.3149,13260000,0.0044,13240000,0.8807,13230000,0.0102,13210000,1.3558,13200000,1.5761,13170000,3.0474
25280040,13320000,1.2581,13310000,0.0754,13300000,0.365,13290000,0.0306,13270000,0.4145,13250000,1.6048,13240000,0.1252,13230000,1.0102,13210000,2.1906,13200000,1.4924
25280041,13390000,0.3057,13380000,2.1499,13360000,0.0177,13350000,3.3193,13320000,0.5719,13250000,0.9983,13240000,1.4497,13230000,1.2929,13210000,1.02,13200000,1
25280042,13410000,0.9717,13400000,10.5785,13370000,0.2592,13360000,0.1541,13350000,0.4168,13320000,0.0044,13310000,0.702,13250000,0.9067,13240000,0.0142,13230000,0.3779
25280044,13320000,0.336,13310000,0.211,13290000,0.0172,13280000,0.0528,13260000,0.3538,13250000,1.3587,13240000,1.5142,13230000,0.3779,13210000,1.02,13200000,1.1048
25280045,13350000,0.53,13330000,0.04,13320000,0.336,13310000,0.211,13280000,0.1288,13260000,0.3406,13250000,1.8646,13240000,0.0142,13230000,0.3779,13210000,1.02
25280046,13400000,10.1986,13350000,0.6881,13320000,0.2219,13310000,0.211,13280000,0.4175,13260000,0.1243,13250000,0.7911,13230000,0.3779,13210000,1.02,13200000,1.0409
25280047,13380000,0.1541,13370000,0.004,13350000,0.812,13340000,0.04,13320000,0.16,13280000,0.2749,13270000,0.013,13220000,2.1481,13210000,2.0622,13200000,1.0409
25280048,13420000,1.7597,13410000,0.0001,13400000,9.7731,13390000,0.034,13380000,0.067,13320000,0.5928,13310000,0.7876,13300000,0.0487,13280000,0.3501,13270000,0.2834
25280049,13440000,0.4471,13430000,1.034,13420000,0.3267,13410000,0.019,13390000,0.1768,13370000,1.8122,13340000,0.673,13300000,0.8298,13280000,0.0125,13270000,0.01
25280050,13540000,0.5451,13530000,0.6183,13520000,1.1024,13510000,0.283,13500000,7.5419,13400000,0.977,13390000,1.0176,13380000,0.2733,13370000,0.4199,13350000,0.0375
25280051,13540000,0.5451,13530000,0.0683,13520000,1.1024,13510000,0.9022,13500000,0.1677,13480000,0.3079,13440000,2.3203,13410000,0.1,13390000,0.3088,13370000,0.4199
25280052,13640000,1.9514,13630000,0.16,13620000,0.3205,13600000,0.0322,13580000,0.0503,13570000,0.0332,13510000,1.9547,13500000,0.5654,13480000,0.3331,13450000,0.012
25280053,13590000,0.1005,13570000,0.0161,13550000,5,13540000,0.2859,13520000,0.0584,13500000,0.4848,13480000,0.04,13450000,0.0362,13440000,0.5713,13420000,1.7599
25280054,13690000,0.121,13670000,0.1,13650000,0.012,13630000,0.2011,13600000,0.0996,13510000,0.7292,13500000,2.5531,13490000,2.2072,13480000,0.0082,13450000,1.765
25280055,13720000,2.5906,13700000,5.3866,13690000,1.39,13650000,0.3837,13590000,0.2368,13580000,0.0001,13560000,0.6409,13550000,0.8156,13520000,0.1746,13510000,0.3924
25280056,13700000,5.3759,13690000,1.4018,13650000,0.7454,13640000,0.0831,13630000,0.2723,13600000,0.59,13570000,0.0031,13560000,1.0295,13550000,2.3689,13520000,0.1
25280057,13820000,0.074,13810000,0.2801,13800000,1.9773,13750000,0.0707,13740000,1.0141,13600000,0.2973,13590000,0.0436,13550000,3.4704,13530000,0.0144,13520000,0.1001
